DdB|DdB_00168	XP_001898659.2	59.172	169	69	0	1	169	142	310	3.72e-59	195
DdB|DdB_00736	XP_003117503.2	55.782	147	57	1	1	147	239	377	3.56e-47	164
DdB|DdB_00926	XP_011185319.3	34.965	143	80	5	3	141	80	213	6.27e-12	73.2
DdB|DdB_01152	XP_064037002.1	59.813	107	40	1	17	120	63	169	1.22e-34	125
DdB|DdB_01170	XP_046340585.2	39.426	383	225	2	10	385	40	422	3.2e-87	279
DdB|DdB_01508	XP_006824501.1	29.630	108	76	0	3	110	22	129	4.9e-21	89.7
DdB|DdB_01582	XP_021367590.1	30.108	93	65	0	2	94	286	378	8.75e-15	75.9
DdB|DdB_01583	XP_021367590.1	30.496	141	98	0	2	142	286	426	3.8e-27	112
DdB|DdB_01819	XP_064064086.1	55.556	315	114	6	14	308	25	333	3.84e-106	340
DdB|DdB_01855	XP_033755170.1	38.824	85	42	1	2	86	380	454	6.75e-12	68.9
DdB|DdB_01935	XP_059144463.1	27.461	193	140	0	28	220	62	254	8.9e-43	152
DdB|DdB_02442	XP_018019191.1	36.797	818	467	6	13	780	171	988	2.67e-127	411
DdB|DdB_02535	XP_041771620.1	29.143	175	87	5	12	150	63	236	1.87e-08	65.5
DdB|DdB_02571	XP_018019191.1	38.946	588	337	5	43	608	364	951	3.55e-103	342
DdB|DdB_02652	XP_001898239.1	55.102	98	40	3	12	107	17	112	9.54e-23	97.1
DdB|DdB_02693	XP_046340585.2	40.381	473	265	3	163	633	11	468	1.46e-108	345
DdB|DdB_02740	XP_045588048.1	38.021	192	119	0	3	194	90	281	4.11e-42	150
DdB|DdB_02774	XP_046340585.2	39.228	492	265	5	55	546	11	468	5.37e-106	333
DdB|DdB_03147	XP_046340585.2	40.678	295	165	2	3	297	183	467	2.79e-62	211
DdB|DdB_03170	XP_042934857.1	54.000	50	19	1	94	143	39	84	1.81e-07	57.4
DdB|DdB_03206	XP_046340585.2	40.889	450	266	0	48	497	19	468	6.42e-106	332
DdB|DdB_03416	XP_001900590.1	76.596	47	11	0	3	49	6	52	6.81e-20	83.2
DdB|DdB_03462	XP_046340585.2	41.298	339	199	0	3	341	84	422	2.67e-77	252
DdB|DdB_03602	XP_064045954.1	59.649	57	22	1	19	74	193	249	7.9e-10	64.3
DdB|DdB_03603	XP_064045954.1	59.649	57	22	1	19	74	193	249	4.23e-10	65.9
DdB|DdB_03705	XP_001657270.2	72.222	126	28	2	1	120	1	125	1.74e-49	160
DdB|DdB_03710	XP_037728532.1	54.795	73	25	3	1	67	1	71	3.45e-08	55.8
DdB|DdB_03742	XP_006824501.1	25.478	157	114	2	2	156	23	178	1.76e-29	113
DdB|DdB_03809	XP_046340585.2	41.921	458	266	0	747	1204	11	468	6.6e-112	367
DdB|DdB_03835	XP_001902398.2	53.913	115	44	5	4	112	394	505	5.25e-29	116
DdB|DdB_04148	NP_001368079.1	97.490	239	6	0	103	341	36	274	1.22e-172	491
DdB|DdB_04272	XP_064035710.1	53.125	128	54	2	82	205	138	263	1.52e-31	128
DdB|DdB_04277	XP_052061160.1	24.750	400	222	12	67	409	31	408	2.38e-22	107
DdB|DdB_04317	XP_024506980.1	62.921	89	32	1	1	88	601	689	5.17e-33	127
DdB|DdB_04429	XP_045461426.1	42.775	173	92	5	7	176	1	169	3.04e-28	112
DdB|DdB_04431	XP_045461426.1	42.775	173	92	5	7	176	1	169	3.04e-28	112
DdB|DdB_04551	XP_024510154.1	40.000	70	41	1	42	111	285	353	1.56e-08	60.1
DdB|DdB_04772	XP_046340585.2	34.048	420	277	0	4	423	44	463	1.22e-74	248
DdB|DdB_04773	XP_046340585.2	36.386	415	264	0	4	418	19	433	2.09e-81	265
DdB|DdB_04835	XP_046340585.2	35.579	475	280	7	91	556	11	468	3.57e-87	287
DdB|DdB_05065	XP_063931248.1	65.909	44	15	0	3	46	4	47	1.35e-12	67.8
DdB|DdB_05156	XP_006824501.1	31.707	82	56	0	11	92	41	122	1.37e-16	77.4
DdB|DdB_05204	XP_049857205.1	48.624	109	42	5	33	129	608	714	1.2e-12	73.9
DdB|DdB_05397	XP_060074274.1	29.787	141	96	1	4	144	61	198	1.95e-15	77.8
DdB|DdB_05398	XP_047990724.1	33.333	105	64	2	2	100	80	184	3.49e-08	56.2
DdB|DdB_05512	XP_006824501.1	28.492	179	125	2	2	178	1	178	9.03e-43	147
DdB|DdB_05557	XP_046340585.2	36.424	453	288	0	10	462	16	468	1.5e-92	296
DdB|DdB_05569	XP_052848683.1	38.333	300	129	16	2	284	680	940	2.13e-10	70.1
DdB|DdB_05669	XP_061381354.1	51.136	88	43	0	33	120	533	620	3.09e-21	95.1
DdB|DdB_05720	XP_045588048.1	37.500	200	125	0	1	200	64	263	5.19e-43	152
DdB|DdB_06032	XP_021367590.1	26.578	301	221	0	2	302	160	460	7.09e-61	208
DdB|DdB_06033	XP_021367590.1	27.189	217	158	0	2	218	232	448	6.14e-43	158
DdB|DdB_06240	XP_063593165.1	40.541	296	165	3	218	506	27	318	1.14e-67	227
DdB|DdB_06252	XP_013305907.2	46.766	201	102	3	15	214	1	197	7.33e-53	190
DdB|DdB_06261	XP_064070409.1	80.583	103	20	0	1	103	201	303	1.31e-53	181
DdB|DdB_06281	XP_046340585.2	36.875	480	281	4	22	501	11	468	1.24e-99	317
DdB|DdB_06318	XP_046340585.2	41.064	470	267	3	55	524	9	468	6e-110	349
DdB|DdB_06482	XP_013291189.1	61.538	65	25	0	6	70	43	107	5.09e-22	88.6
DdB|DdB_06558	XP_013396665.1	53.125	64	30	0	8	71	97	160	1.28e-13	74.3
DdB|DdB_06785	XP_037517487.1	51.064	235	94	3	104	317	78	312	4.5e-83	260
DdB|DdB_06787	XP_043264102.1	54.400	125	56	1	1	125	1	124	8.02e-48	156
DdB|DdB_06795	XP_043264072.1	37.500	104	61	1	204	307	2	101	2.06e-14	82.0
DdB|DdB_06798	XP_046392885.1	27.737	137	92	2	32	168	57	186	4.68e-06	56.6
DdB|DdB_06799	XP_045588575.1	38.384	99	60	1	48	146	102	199	1.48e-10	64.7
DdB|DdB_06808	XP_023226560.1	33.681	383	222	12	192	559	228	593	4.04e-43	171
DdB|DdB_06821	XP_011859231.1	39.844	256	132	6	110	362	91	327	1.88e-41	158
DdB|DdB_06838	XP_022778452.1	35.833	120	65	4	52	168	11	121	1.48e-08	58.2
DdB|DdB_06845	XP_063850443.1	41.848	184	99	3	23	199	46	228	7.48e-45	155
DdB|DdB_06847	XP_015784023.1	53.165	237	110	1	5	240	7	243	2.05e-82	261
DdB|DdB_06849	XP_046852692.1	32.168	143	96	1	34	175	360	502	4.52e-16	83.6
DdB|DdB_06850	XP_006822062.1	25.397	189	137	4	20	205	135	322	1.39e-10	67.8
DdB|DdB_06852	XP_065584296.1	48.973	292	147	1	90	379	1	292	2.23e-78	250
DdB|DdB_06863	XP_022799195.1	30.149	335	187	7	108	395	789	1123	1.02e-35	147
DdB|DdB_06864	XP_018564881.1	44.686	414	219	4	31	442	64	469	2.88e-120	368
DdB|DdB_06868	XP_008477414.1	33.714	175	107	5	5	175	471	640	4.54e-24	105
DdB|DdB_06874	XP_059486146.1	40.125	481	232	6	8	433	30	509	3.44e-118	362
DdB|DdB_06875	XP_060085119.1	23.913	276	159	12	16	270	12	257	4.83e-07	57.8
DdB|DdB_06885	XP_060084992.1	22.677	269	181	7	70	321	95	353	1.94e-06	57.8
DdB|DdB_06894	XP_020605019.1	33.333	297	183	8	1	284	40	334	1.15e-40	152
DdB|DdB_06898	XP_055885736.1	27.688	372	220	13	2	338	174	531	2.23e-17	91.3
DdB|DdB_06903	XP_065560016.1	56.279	215	93	1	1	215	1	214	6.95e-77	238
DdB|DdB_06905	XP_023212567.1	52.577	291	137	1	2	292	220	509	3.18e-95	297
DdB|DdB_06909	XP_027235145.1	44.444	99	54	1	1	98	311	409	7.23e-23	98.6
DdB|DdB_06913	XP_013407515.1	48.684	304	145	2	1	296	318	618	7.82e-85	275
DdB|DdB_06914	XP_067127489.1	55.556	99	44	0	97	195	79	177	1.48e-25	110
DdB|DdB_06919	XP_031773182.1	33.702	181	100	1	52	232	1	161	1.61e-33	127
DdB|DdB_06928	XP_031776088.1	32.584	89	59	1	215	303	53	140	2.82e-07	57.8
DdB|DdB_06929	XP_055337190.1	35.714	154	77	8	44	181	100	247	3.85e-08	59.3
DdB|DdB_06939	XP_037038789.1	41.111	360	178	9	57	392	30	379	3.9e-85	271
DdB|DdB_06948	XP_023343673.1	35.795	352	219	4	13	360	68	416	7.97e-72	237
DdB|DdB_06965	XP_059097129.1	31.092	238	142	5	1	218	1558	1793	7.05e-25	116
DdB|DdB_06966	XP_053209667.1	23.380	355	239	13	30	368	1080	1417	1.1e-08	65.5
DdB|DdB_06972	XP_031776076.1	35.714	224	142	2	165	388	1	222	6.14e-34	136
DdB|DdB_06973	XP_023226611.1	36.275	102	65	0	1	102	16	117	1.53e-15	73.6
DdB|DdB_06974	XP_037773148.1	27.574	272	159	9	132	380	41	297	1.5e-11	72.8
DdB|DdB_06976	XP_065932979.1	29.596	223	133	6	154	369	5	210	1.28e-17	89.7
DdB|DdB_06980	XP_054165438.1	31.615	291	177	8	10	291	18	295	1.67e-29	120
DdB|DdB_06981	XP_065674307.1	30.147	136	75	5	57	185	113	235	6.28e-07	57.4
DdB|DdB_06986	XP_017302180.1	55.696	237	105	0	42	278	50	286	8.3e-91	282
DdB|DdB_06989	XP_033097810.1	25.500	200	109	6	16	187	152	339	4.1e-10	66.2
DdB|DdB_06991	XP_039276254.1	36.842	152	86	2	79	226	1	146	2.21e-26	107
DdB|DdB_06994	XP_031776064.1	30.515	272	180	4	1	271	10	273	4.78e-34	135
DdB|DdB_06998	XP_041483566.1	25.484	310	203	9	76	361	441	746	1.5e-16	89.4
DdB|DdB_07006	XP_022108289.1	30.288	208	130	9	2	199	6	208	1.6e-16	82.0
DdB|DdB_07008	XP_011873488.1	40.323	186	95	4	191	361	24	208	6.88e-26	115
DdB|DdB_07009	XP_063695773.1	52.041	98	47	0	2	99	290	387	8.3e-24	112
DdB|DdB_07022	XP_039276253.1	50.000	196	80	2	1	178	1	196	1.98e-53	179
DdB|DdB_07023	XP_031772373.1	36.719	128	80	1	1	127	104	231	1.09e-18	87.8
DdB|DdB_07024	XP_039276255.1	52.347	277	130	2	2	278	35	309	1.33e-96	302
DdB|DdB_07025	XP_060084823.1	31.298	262	128	5	12	223	10	269	7.56e-26	108
DdB|DdB_07030	XP_002115478.1	45.843	421	228	0	7	427	39	459	1.55e-138	414
DdB|DdB_07032	XP_021377787.1	28.191	188	128	4	46	231	319	501	2.19e-06	57.0
DdB|DdB_07036	XP_022778510.1	49.669	302	146	5	326	622	9	309	1.63e-97	311
DdB|DdB_07037	XP_002422836.1	32.738	336	217	5	282	612	22	353	1.64e-45	172
DdB|DdB_07042	XP_052794764.1	29.528	254	164	6	2	243	45	295	6.36e-22	99.4
DdB|DdB_07043	XP_058809769.1	36.957	138	78	4	5	136	21	155	1.54e-11	66.2
DdB|DdB_07045	XP_008480315.1	43.561	264	145	2	37	297	2	264	5.19e-75	237
DdB|DdB_07046	XP_031617346.1	38.532	436	255	6	1	432	54	480	1.21e-83	272
DdB|DdB_07052	XP_064114818.1	38.693	199	119	2	9	207	64	259	1.1e-42	151
DdB|DdB_07055	XP_018567175.1	33.333	252	145	10	2	246	13	248	2.82e-28	115
DdB|DdB_07057	XP_023212945.1	40.367	218	97	6	35	246	3	193	1.72e-37	137
DdB|DdB_07062	XP_025076068.1	32.130	277	153	10	14	257	13	287	4.08e-29	126
DdB|DdB_07072	XP_030847701.1	23.469	196	145	2	90	283	363	555	1.19e-07	62.4
DdB|DdB_07076	XP_059099097.1	31.250	144	82	4	14	151	54	186	2.31e-07	58.2
DdB|DdB_07078	XP_049949290.1	29.302	215	145	4	3	215	1917	2126	1.62e-20	98.2
DdB|DdB_07082	XP_065584230.1	29.381	194	132	3	91	281	228	419	3.51e-10	68.9
DdB|DdB_07090	XP_063217345.1	24.901	253	182	3	32	280	156	404	5.23e-16	86.3
DdB|DdB_07092	XP_065066087.1	36.774	155	89	4	2	152	14	163	3.8e-26	104
DdB|DdB_07093	XP_055328633.1	30.000	150	96	4	122	263	48	196	1.52e-13	76.6
DdB|DdB_07097	XP_033118920.1	49.123	171	87	0	1	171	43	213	2.45e-50	174
DdB|DdB_07098	XP_022708763.1	58.182	165	69	0	1	165	202	366	2.72e-60	197
DdB|DdB_07106	XP_066251662.1	45.421	273	140	5	5	273	26	293	2.12e-70	227
DdB|DdB_07107	XP_020305043.1	43.519	540	287	6	666	1199	80	607	5.73e-142	451
DdB|DdB_07120	XP_053993649.1	40.000	195	115	1	16	208	56	250	2.88e-38	139
DdB|DdB_07122	XP_061942794.1	42.647	68	39	0	2	69	9	76	9.6e-10	56.6
DdB|DdB_07123	XP_037887624.1	44.880	332	153	4	232	561	49	352	1.73e-83	271
DdB|DdB_07124	XP_045519701.1	32.171	258	134	6	1	228	50	296	4.78e-24	104
DdB|DdB_07130	XP_067682411.1	28.922	204	113	9	7	198	17	200	8.39e-07	57.4
DdB|DdB_07134	XP_028400831.1	22.266	256	162	7	46	291	455	683	8.81e-07	59.7
DdB|DdB_07135	XP_014677855.1	38.222	225	95	3	75	255	17	241	2.65e-35	141
DdB|DdB_07136	XP_032240763.2	66.327	98	31	2	1	97	286	382	1.63e-33	129
DdB|DdB_07137	XP_033763282.1	64.865	370	125	2	4	368	425	794	1.55e-172	509
DdB|DdB_07139	XP_066028136.1	26.126	222	113	9	1	182	15	225	2.68e-07	56.6
DdB|DdB_07144	XP_060085466.1	34.711	121	75	2	120	240	345	461	6.25e-09	64.7
DdB|DdB_07147	XP_049849082.1	38.780	410	242	6	2	404	15	422	2.12e-87	279
DdB|DdB_07151	XP_065827030.1	39.815	108	46	5	12	107	104	204	4.18e-07	61.2
DdB|DdB_07152	XP_021378577.1	23.421	380	244	10	35	376	92	462	4.5e-10	69.3
DdB|DdB_07154	XP_029679759.1	51.360	331	157	3	1	327	28	358	4.49e-100	306
DdB|DdB_07158	XP_022778878.1	43.810	105	56	2	7	109	29	132	1.62e-20	92.0
DdB|DdB_07171	XP_055339803.1	37.681	276	140	7	1	253	13	279	2.79e-49	170
DdB|DdB_07175	XP_031558607.1	31.579	133	78	3	9	130	6	136	2.95e-13	72.0
DdB|DdB_07182	XP_037036842.1	34.536	194	124	2	14	204	74	267	1.21e-22	99.8
DdB|DdB_07187	XP_046564974.1	31.429	140	84	5	35	164	100	237	2.74e-13	73.2
DdB|DdB_07190	XP_061168550.1	40.493	284	165	2	21	303	32	312	7.91e-54	185
DdB|DdB_07195	XP_032241822.2	29.851	268	151	7	98	331	20	284	7.8e-25	115
DdB|DdB_07211	XP_020907901.1	41.951	205	110	3	4	207	70	266	2.68e-48	176
DdB|DdB_07216	XP_065645371.1	51.604	374	164	3	1	357	5	378	1.03e-121	363
DdB|DdB_07222	XP_058809770.1	33.793	145	69	4	4	144	63	184	1.67e-08	65.5
DdB|DdB_07234	XP_066259580.1	33.962	106	67	3	38	143	503	605	4.6e-06	52.8
DdB|DdB_07240	XP_060085886.1	37.657	239	129	6	52	278	1	231	1.78e-33	129
DdB|DdB_07245	XP_006818760.1	47.368	76	40	0	7	82	15	90	1.26e-13	68.9
DdB|DdB_07257	XP_055326758.1	23.236	921	519	26	11	769	418	1312	2.45e-44	181
DdB|DdB_07260	XP_060085886.1	37.712	236	127	5	26	246	1	231	1.19e-37	139
DdB|DdB_07271	XP_023226593.1	51.724	58	25	1	122	176	621	678	1.1e-06	55.8
DdB|DdB_07279	XP_011494000.1	27.124	306	192	9	1	284	90	386	5.2e-21	101
DdB|DdB_07282	XP_001626403.2	34.951	206	108	7	2	186	33	233	6.5e-24	105
DdB|DdB_07283	XP_039287976.1	30.052	193	109	7	12	201	184	353	5.59e-13	75.5
DdB|DdB_07284	XP_060083185.1	52.459	122	57	1	1	121	62	183	9.85e-37	132
DdB|DdB_07285	XP_039287975.1	35.000	140	55	1	12	151	46	149	3.29e-15	83.2
DdB|DdB_07287	XP_057377426.1	30.233	344	230	4	1	339	130	468	1.81e-42	164
DdB|DdB_07296	XP_022778600.1	28.025	157	100	4	169	322	8	154	1.09e-09	64.3
DdB|DdB_07300	XP_001640338.3	27.182	401	229	7	143	486	57	451	3.26e-36	149
DdB|DdB_07311	XP_067005278.1	44.583	480	234	8	10	468	89	557	1.13e-143	439
DdB|DdB_07317	XP_015912239.2	28.011	357	221	11	1	338	63	402	1.74e-19	98.2
DdB|DdB_07318	XP_035710378.1	34.423	459	273	15	43	485	29	475	9.49e-67	231
DdB|DdB_07336	XP_025091491.1	26.437	261	171	9	30	280	460	709	1.24e-10	70.9
DdB|DdB_07345	XP_035829648.1	24.476	286	194	9	1	271	5	283	1.63e-06	57.8
DdB|DdB_07369	XP_065842766.1	55.255	333	146	3	3	333	19	350	2.14e-125	370
DdB|DdB_07375	XP_016664048.1	41.837	98	57	0	8	105	2	99	8.84e-17	79.3
DdB|DdB_07381	XP_037930208.1	39.286	112	63	3	1	108	72	182	1.7e-18	86.7
DdB|DdB_07386	XP_037930208.1	36.364	99	58	2	1	95	70	167	3.88e-13	71.6
DdB|DdB_07390	XP_014680465.1	31.214	173	119	0	78	250	87	259	1.69e-20	96.7
DdB|DdB_07396	XP_052677378.1	22.400	250	171	8	18	244	38	287	6.46e-06	54.3
DdB|DdB_07406	XP_064404793.1	54.680	203	85	3	19	214	1037	1239	4.29e-63	219
DdB|DdB_07412	XP_030746156.1	39.355	155	88	2	57	205	4	158	7.5e-24	107
DdB|DdB_07414	XP_017302472.1	24.528	530	314	17	76	559	50	539	5.47e-23	111
DdB|DdB_07416	XP_027193855.1	47.368	133	66	3	24	153	30	161	2.03e-32	123
DdB|DdB_07420	XP_023718633.1	30.252	119	66	5	74	185	289	397	2.31e-06	56.6
DdB|DdB_07421	XP_039275932.1	37.755	98	54	3	29	120	42	138	1.82e-09	60.8
DdB|DdB_07424	XP_065176386.1	28.402	169	119	2	106	273	235	402	1.86e-08	64.3
DdB|DdB_07426	XP_040582638.1	31.963	219	122	9	1	210	1	201	5.87e-11	69.7
DdB|DdB_07427	XP_040582638.1	29.710	138	87	4	3	134	49	182	3e-14	73.9
DdB|DdB_07428	XP_040582639.1	31.818	198	118	6	72	257	1	193	5.51e-18	90.9
DdB|DdB_07430	XP_054157583.1	48.986	345	170	4	37	375	5	349	1.66e-114	344
DdB|DdB_07435	XP_065826347.1	37.500	80	49	1	11	89	17	96	8.44e-10	61.2
DdB|DdB_07440	XP_040582638.1	36.567	134	81	2	4	134	91	223	5.57e-21	92.4
DdB|DdB_07441	XP_021967930.2	30.488	246	157	5	2	246	14	246	1.06e-23	111
DdB|DdB_07442	XP_029205083.2	42.667	75	41	2	2	75	51	124	5.41e-07	52.8
DdB|DdB_07455	XP_037515622.1	33.939	330	167	10	34	338	92	395	1.3e-37	146
DdB|DdB_07456	XP_022778267.1	33.333	126	80	1	13	138	6	127	1.41e-16	78.6
DdB|DdB_07460	XP_037930208.1	29.565	230	134	3	36	251	38	253	2.1e-23	106
DdB|DdB_07463	XP_063400909.1	41.176	102	57	3	20	119	9	109	3.73e-15	76.6
DdB|DdB_07464	XP_053206081.1	37.778	135	71	4	1	123	115	248	3.99e-17	81.6
DdB|DdB_07469	XP_059147148.1	29.279	222	120	10	104	290	292	511	4.47e-06	56.2
DdB|DdB_07481	XP_038210088.1	32.083	240	144	9	20	255	321	545	5.48e-18	91.3
DdB|DdB_07482	XP_028517396.1	29.699	266	179	5	125	386	3	264	1.69e-23	106
DdB|DdB_07483	XP_065184024.1	28.488	344	202	12	3	314	85	416	3.42e-33	134
DdB|DdB_07484	XP_011860179.1	33.083	133	65	4	1	128	8	121	1.22e-13	71.2
DdB|DdB_07485	XP_028517396.1	25.095	263	186	5	187	443	1	258	2.39e-11	72.4
DdB|DdB_07488	XP_065215235.1	26.400	375	238	12	5	347	40	408	9.62e-19	95.9
DdB|DdB_07489	XP_014599637.1	28.500	200	132	6	22	214	201	396	7.3e-15	82.4
DdB|DdB_07490	XP_035829648.1	25.568	352	217	13	11	340	15	343	1.81e-12	76.3
DdB|DdB_07497	XP_019773242.1	36.986	365	190	5	1	343	36	382	2.88e-76	247
DdB|DdB_07502	XP_060084586.1	38.583	127	72	4	141	261	1137	1263	1.64e-12	75.9
DdB|DdB_07505	XP_056004768.1	34.975	203	126	4	53	252	160	359	1.23e-24	110
DdB|DdB_07506	XP_052799149.1	37.500	88	49	2	1	86	40	123	3.81e-06	52.0
DdB|DdB_07507	XP_046846259.1	27.427	412	210	13	1	329	45	450	1.18e-23	110
DdB|DdB_07511	XP_027052775.1	27.969	261	136	8	7	215	15	275	4.63e-15	82.8
DdB|DdB_07512	XP_022291712.1	23.062	503	305	18	4	440	24	510	2.03e-16	90.1
DdB|DdB_07518	XP_063674865.1	33.080	263	123	8	1	211	18	279	1.19e-24	105
DdB|DdB_07524	XP_033746424.1	26.606	545	334	17	87	587	143	665	5.76e-35	149
DdB|DdB_07525	XP_063934503.1	56.522	69	29	1	18	85	124	192	1.51e-17	80.5
DdB|DdB_07533	XP_023226591.1	60.252	317	124	2	4	319	439	754	2.88e-139	419
DdB|DdB_07546	XP_063934027.1	29.478	268	173	8	127	390	547	802	7.34e-17	90.9
DdB|DdB_07547	XP_012252598.2	29.014	517	317	15	26	499	74	583	3.47e-56	205
DdB|DdB_07561	XP_059484538.1	30.556	252	151	11	5	239	10	254	5.49e-24	103
DdB|DdB_07567	XP_025091150.1	40.391	307	128	7	1	254	33	337	6.25e-64	216
DdB|DdB_07568	XP_015923888.1	36.842	171	98	4	1	168	366	529	2.84e-22	100
DdB|DdB_07581	XP_023213720.1	29.775	178	98	6	97	262	4	166	1.06e-11	72.0
DdB|DdB_07590	XP_066020939.1	26.632	383	245	11	24	379	36	409	3.37e-09	66.6
DdB|DdB_07591	XP_044763509.1	30.814	172	71	6	14	137	58	229	1.82e-08	59.7
DdB|DdB_07603	XP_023226576.1	47.790	362	181	3	20	380	70	424	1.48e-111	340
DdB|DdB_07606	XP_065584234.1	40.271	221	109	6	12	218	4	215	5.47e-37	135
DdB|DdB_07609	XP_067005278.1	60.000	135	53	1	1	134	83	217	8.54e-51	177
DdB|DdB_07610	XP_067005278.1	42.632	190	96	4	1	182	278	462	4.85e-43	158
DdB|DdB_07611	XP_009012248.1	36.275	102	63	1	28	127	19	120	2.12e-16	77.8
DdB|DdB_07613	XP_014680465.1	30.962	239	144	4	308	543	21	241	1.97e-23	108
DdB|DdB_07615	XP_014680465.1	31.163	215	131	3	69	282	33	231	6.18e-22	99.8
DdB|DdB_07616	XP_054157249.1	30.328	122	68	3	65	170	739	859	3.37e-07	58.2
DdB|DdB_07617	XP_014680465.1	32.051	234	144	2	45	278	25	243	1.07e-24	109
DdB|DdB_07618	XP_014680465.1	32.883	222	120	4	285	481	21	238	9.7e-22	103
DdB|DdB_07622	XP_022915752.1	28.571	196	117	8	4	179	33	225	3.44e-07	57.4
DdB|DdB_07631	XP_040566706.1	28.261	138	78	6	19	142	33	163	5.81e-06	51.6
DdB|DdB_07633	XP_043264080.1	38.068	176	104	3	34	205	214	388	5.31e-26	114
DdB|DdB_07635	XP_023226618.1	32.704	159	96	6	5	158	31	183	1.72e-09	62.8
DdB|DdB_07637	XP_022795523.1	44.094	127	70	1	5	130	15	141	5.6e-25	107
DdB|DdB_07642	XP_050525197.1	39.394	99	48	2	23	120	7	94	4.4e-14	71.2
DdB|DdB_07643	XP_054012627.1	40.702	285	159	2	1	285	145	419	5.39e-56	199
DdB|DdB_07650	XP_027193619.1	25.000	296	188	8	411	684	1042	1325	9.26e-11	74.3
DdB|DdB_07651	XP_054711878.1	47.141	787	390	8	14	780	52	832	0.0	721
DdB|DdB_07652	XP_046646302.1	34.091	132	80	5	29	155	30	159	6.52e-13	69.7
DdB|DdB_07654	XP_037025486.1	26.496	234	154	7	155	382	217	438	2.26e-11	73.2
DdB|DdB_07657	XP_001957032.1	28.947	228	140	7	50	259	188	411	1.13e-11	72.8
DdB|DdB_07659	XP_046606461.1	31.183	93	48	2	4	80	356	448	5.43e-08	55.5
DdB|DdB_07670	XP_023214093.1	39.267	191	96	7	308	487	49	230	2.89e-23	107
DdB|DdB_07679	XP_022778267.1	33.884	121	79	1	1	120	1	121	5.98e-13	68.9
DdB|DdB_07683	XP_063933564.1	48.884	493	249	2	21	511	46	537	3.18e-160	475
DdB|DdB_07685	XP_022778101.1	45.455	88	44	2	1	88	1	84	1.38e-17	85.1
DdB|DdB_07688	XP_044732934.1	48.795	166	84	1	4	168	1	166	2.27e-45	154
DdB|DdB_07689	XP_050031269.2	26.316	209	107	5	6	168	63	270	1.49e-13	74.7
DdB|DdB_07692	XP_050542873.1	31.148	183	118	3	123	301	218	396	1.2e-12	76.6
DdB|DdB_07700	XP_046915024.1	22.581	279	194	7	25	287	278	550	7.72e-06	56.2
DdB|DdB_07703	XP_061168537.1	57.986	576	206	5	1	541	42	616	0.0	659
DdB|DdB_07704	XP_037773148.1	26.554	177	108	6	193	352	49	220	2.63e-06	57.0
DdB|DdB_07712	XP_018905097.1	29.412	153	66	3	14	130	59	205	3.77e-10	62.8
DdB|DdB_07720	XP_031616806.1	37.719	114	68	1	14	124	51	164	1.63e-17	84.3
DdB|DdB_07721	XP_031616806.1	38.384	198	115	1	1	191	195	392	6.43e-44	157
DdB|DdB_07728	XP_066249198.1	29.817	218	142	2	21	228	489	705	4.44e-25	115
DdB|DdB_07729	XP_055388515.1	34.080	402	253	5	2	401	41	432	6.36e-55	196
DdB|DdB_07731	XP_060085177.1	53.074	309	144	1	1	308	1	309	4.05e-93	285
DdB|DdB_07740	XP_062540162.1	40.706	538	256	7	9	483	8	545	9.71e-138	416
DdB|DdB_07743	XP_065584298.1	43.357	143	81	0	1	143	1	143	4.05e-37	131
DdB|DdB_07744	XP_057294843.1	30.769	104	63	3	4	106	6	101	7.96e-08	57.4
DdB|DdB_07756	XP_051064971.1	36.364	297	178	5	5	298	23	311	1.46e-51	184
DdB|DdB_07761	XP_060083968.1	37.430	179	85	4	62	216	27	202	7.58e-21	93.2
DdB|DdB_07763	XP_021955388.1	44.937	158	76	3	11	157	12	169	3.84e-38	135
DdB|DdB_07769	XP_023226553.1	41.358	162	95	0	149	310	2	163	6.3e-33	128
DdB|DdB_07772	XP_037047706.1	33.478	460	288	7	36	489	56	503	1.35e-73	250
DdB|DdB_07773	XP_027193944.1	26.939	245	151	7	48	270	68	306	2.45e-13	76.6
DdB|DdB_07778	XP_023347475.1	48.936	188	96	0	63	250	97	284	8.58e-66	216
DdB|DdB_07781	XP_059142047.1	37.589	141	73	4	5	133	118	255	2.12e-19	88.6
DdB|DdB_07797	XP_023226554.1	33.333	99	59	1	1	99	2	93	2.65e-10	63.5
DdB|DdB_07799	XP_060085422.1	24.384	406	253	13	5	364	502	899	1.7e-17	92.8
DdB|DdB_07804	XP_060084888.1	51.042	288	136	3	4	286	9	296	1.26e-87	281
DdB|DdB_07810	XP_011861374.1	52.396	313	142	2	5	312	5	315	1.56e-116	345
DdB|DdB_07814	XP_023212574.1	35.119	168	107	1	1	168	77	242	4e-25	105
DdB|DdB_07818	XP_063676717.1	27.059	170	124	0	26	195	610	779	1.03e-08	63.2
DdB|DdB_07820	XP_025082315.1	45.912	318	168	4	1	316	16	331	1.05e-98	301
DdB|DdB_07822	XP_022778636.1	50.000	44	22	0	13	56	54	97	4.47e-07	51.6
DdB|DdB_07828	XP_033125860.1	33.835	133	79	4	101	225	51	182	1.73e-08	61.2
DdB|DdB_07835	XP_060084883.1	58.571	70	29	0	6	75	186	255	1.99e-22	93.6
DdB|DdB_07839	XP_061168717.1	49.438	267	128	5	117	380	1	263	3.23e-79	255
DdB|DdB_07840	XP_054010911.1	31.486	451	270	14	8	426	98	541	7.42e-51	187
DdB|DdB_07841	XP_066251609.1	32.673	202	133	1	303	504	22	220	1.45e-25	115
DdB|DdB_07845	XP_065839296.1	25.658	152	90	3	45	178	393	539	2.3e-09	68.6
DdB|DdB_07850	XP_022663614.1	39.062	64	36	1	16	79	402	462	3.68e-10	62.0
DdB|DdB_07851	XP_038067851.1	33.333	294	187	4	32	320	76	365	3.07e-51	184
DdB|DdB_07857	XP_023226475.1	35.714	84	51	2	5	88	40	120	9.42e-06	51.2
DdB|DdB_07859	XP_050025875.1	26.807	332	185	11	91	381	15	329	3.76e-14	82.4
DdB|DdB_07866	XP_011860577.1	35.833	360	206	8	5	359	127	466	3.38e-60	208
DdB|DdB_07869	XP_017481596.1	28.866	194	135	3	8	200	65	256	3.35e-21	95.9
DdB|DdB_07874	XP_053698016.1	57.225	173	73	1	65	237	1	172	2.2e-59	192
DdB|DdB_07875	XP_053698017.1	41.279	172	98	2	5	176	14	182	3.47e-33	124
DdB|DdB_07876	XP_023214040.1	30.252	119	76	3	2	116	30	145	2.75e-06	51.6
DdB|DdB_07879	XP_002114003.1	30.693	101	67	2	28	128	56	153	3.76e-07	53.5
DdB|DdB_07883	XP_060085203.1	42.784	388	216	3	2	387	113	496	2.5e-103	322
DdB|DdB_07884	XP_055388729.1	47.535	284	125	7	6	277	89	360	1.12e-71	233
DdB|DdB_07887	XP_023214041.1	31.313	99	68	0	1	99	308	406	5.69e-07	54.3
DdB|DdB_07889	XP_022178896.1	50.000	66	27	3	11	71	43	107	1.05e-07	57.4
DdB|DdB_07890	XP_044733503.1	37.245	196	100	7	37	223	491	672	1.33e-20	98.2
DdB|DdB_07891	XP_017303119.2	34.127	126	83	0	1	126	27	152	7.67e-18	86.7
DdB|DdB_07896	XP_052228534.1	35.000	120	70	4	7	122	119	234	2.17e-06	53.5
DdB|DdB_07907	XP_029679759.1	53.506	271	120	3	3	269	27	295	6.65e-89	275
DdB|DdB_07914	XP_046855549.1	50.000	58	29	0	181	238	109	166	7.01e-10	65.1
DdB|DdB_07918	XP_063409503.1	41.176	119	57	2	1	106	1	119	9.6e-20	90.1
DdB|DdB_07925	XP_011862180.1	33.569	283	167	6	16	283	717	993	2.73e-33	141
DdB|DdB_07930	XP_060077772.1	31.737	167	102	5	84	245	42	201	4.13e-12	70.9
DdB|DdB_07943	XP_005186668.1	51.799	139	64	2	8	144	41	178	1.22e-39	138
DdB|DdB_07944	XP_022778732.1	34.706	170	110	1	178	347	1	169	2.86e-23	105
DdB|DdB_07946	XP_023226548.1	45.833	312	167	2	6	317	6	315	6.59e-91	283
DdB|DdB_07952	XP_027235151.1	41.600	125	68	3	2	122	267	390	1.3e-21	95.9
DdB|DdB_07953	XP_059080968.1	30.000	170	115	2	27	192	540	709	1.96e-16	85.1
DdB|DdB_07960	XP_034184311.1	39.259	405	204	12	4	371	2	401	2.17e-73	256
DdB|DdB_07961	XP_011860186.1	39.093	463	260	15	1	456	363	810	1.81e-84	283
DdB|DdB_07963	XP_022778867.1	43.269	104	54	1	132	230	154	257	7.03e-16	85.1
DdB|DdB_07968	XP_066251625.1	25.098	255	129	12	56	280	1	223	1.84e-08	63.5
DdB|DdB_07970	XP_011406109.1	27.322	183	117	6	37	211	19	193	6.59e-06	53.5
DdB|DdB_07971	XP_039278933.1	50.562	89	44	0	1	89	25	113	4.07e-21	93.2
DdB|DdB_07972	XP_024873395.1	43.085	188	102	2	3	185	35	222	3.99e-41	152
DdB|DdB_07973	XP_047994464.1	44.872	78	41	1	2	77	249	326	9.74e-14	72.0
DdB|DdB_07977	XP_046403195.1	29.814	161	109	3	11	168	27	186	4.8e-14	78.2
DdB|DdB_07981	XP_020604870.1	30.000	280	171	9	35	296	60	332	1.91e-26	115
DdB|DdB_07985	XP_060085882.1	28.889	180	112	4	68	241	219	388	8.18e-07	58.5
DdB|DdB_07989	XP_031772424.1	35.220	159	98	2	36	190	6	163	1.57e-20	92.8
DdB|DdB_07991	XP_013384147.1	37.452	518	221	14	13	442	7	509	5.99e-97	314
DdB|DdB_07997	XP_043244212.1	44.872	78	42	1	172	248	4	81	5.23e-12	72.8
DdB|DdB_07999	XP_055628634.1	28.676	136	95	1	8	141	65	200	7.87e-08	60.5
DdB|DdB_08000	XP_054163235.1	49.593	246	119	2	1	246	5	245	9.84e-81	249
DdB|DdB_08012	XP_065834622.1	30.385	260	162	9	4	251	126	378	1.43e-17	90.1
DdB|DdB_08015	XP_065826908.1	31.776	107	67	3	242	344	33	137	8.74e-07	58.9
DdB|DdB_08017	XP_029639386.1	30.631	111	70	2	1	105	103	212	1.56e-07	55.1
DdB|DdB_08032	XP_028419283.1	25.373	201	139	4	11	205	437	632	2.84e-07	59.7
DdB|DdB_08034	XP_060071104.1	42.249	329	176	6	5	325	4	326	4.91e-74	238
DdB|DdB_08035	XP_023226480.1	25.301	249	109	8	1	176	161	405	1.39e-06	55.5
DdB|DdB_08036	XP_028406398.1	32.584	89	57	1	29	114	28	116	1.61e-07	54.3
DdB|DdB_08038	XP_002113505.1	38.095	168	94	3	1	158	18	185	1.76e-26	110
DdB|DdB_08039	XP_063902807.1	26.984	126	80	3	2	116	331	455	8.36e-06	51.6
DdB|DdB_08042	XP_021954100.1	36.719	128	69	4	21	136	357	484	4.72e-15	79.7
DdB|DdB_08043	XP_063901435.1	28.030	264	161	8	78	319	590	846	1.99e-15	88.2
DdB|DdB_08044	XP_002110419.1	31.633	98	64	1	80	174	100	197	6.42e-09	60.8
DdB|DdB_08046	XP_002114190.1	27.755	245	172	4	27	268	1	243	1.86e-23	103
DdB|DdB_08047	XP_020911015.1	42.623	61	35	0	121	181	184	244	1.42e-09	64.3
DdB|DdB_08048	XP_052792756.1	35.000	180	92	7	1	168	31	197	3.67e-18	85.5
DdB|DdB_08061	XP_022228001.1	45.902	61	33	0	59	119	164	224	3.98e-13	70.5
DdB|DdB_08062	XP_022106939.1	67.097	155	51	0	2	156	67	221	7.26e-68	222
DdB|DdB_08075	XP_060084659.1	32.150	507	315	9	89	577	213	708	1.08e-78	270
DdB|DdB_08076	XP_062591361.1	35.537	121	65	2	23	136	36	150	4.92e-18	82.4
DdB|DdB_08090	XP_004207083.2	31.613	310	202	5	31	337	23	325	6.97e-44	162
DdB|DdB_08091	XP_011861386.1	30.734	218	118	7	1	192	1	211	4.66e-18	87.4
DdB|DdB_08093	XP_065175660.1	33.333	321	195	7	327	629	16	335	4.2e-43	165
DdB|DdB_08097	XP_011862189.1	36.901	355	167	12	15	317	65	414	8.94e-45	165
DdB|DdB_08102	XP_060083734.1	25.561	669	347	24	87	721	6	557	4.84e-30	134
DdB|DdB_08110	XP_047365568.1	29.101	189	123	4	1	179	7	194	1.02e-21	94.4
DdB|DdB_08111	XP_063926279.1	36.517	178	97	7	32	196	554	728	1.35e-19	97.4
DdB|DdB_08112	XP_022091738.1	32.051	312	193	9	20	322	427	728	2.75e-25	114
DdB|DdB_08113	XP_064386453.1	32.061	131	76	5	311	440	273	391	3.5e-07	61.6
DdB|DdB_08114	XP_023320641.1	26.531	245	160	7	79	318	122	351	1.29e-12	77.0
DdB|DdB_08134	XP_038077329.1	35.859	198	109	6	6	195	48	235	1.09e-24	108
DdB|DdB_08139	XP_034839873.1	35.000	180	99	1	5	166	6	185	7.18e-30	114
DdB|DdB_08140	XP_033106755.1	35.338	133	77	3	199	328	994	1120	1.28e-09	71.2
DdB|DdB_08147	XP_067029283.1	41.146	192	113	0	1	192	110	301	7.94e-37	146
DdB|DdB_08151	XP_067029284.1	44.000	175	90	3	1	169	1	173	1.31e-37	134
DdB|DdB_08153	XP_060085388.1	28.864	537	343	12	4	531	44	550	8.03e-49	184
DdB|DdB_08161	XP_005090597.1	52.137	117	56	0	1	117	1	117	3.28e-30	118
DdB|DdB_08164	XP_002431072.1	47.742	155	81	0	1	155	60	214	4.85e-41	146
DdB|DdB_08165	XP_022708763.1	56.643	143	62	0	1	143	225	367	7.31e-45	157
DdB|DdB_08167	XP_049850608.1	58.213	414	171	1	32	443	61	474	1.07e-177	512
DdB|DdB_08173	XP_066924670.1	27.848	158	113	1	58	214	185	342	1.12e-11	71.2
DdB|DdB_08175	XP_053584314.1	42.368	321	163	7	2	303	176	493	3.33e-68	227
DdB|DdB_08176	XP_043515215.1	39.643	280	163	3	2	277	82	359	7.66e-63	211
DdB|DdB_08177	XP_060864638.1	43.099	355	177	6	1	339	23	368	2.93e-87	273
DdB|DdB_08178	XP_027841715.1	31.118	331	206	6	1	318	165	486	6.28e-46	171
DdB|DdB_08179	XP_013170631.1	50.000	90	41	2	1	90	351	436	3.25e-18	85.1
DdB|DdB_08181	XP_047145444.1	29.252	147	103	1	6	151	235	381	1.35e-06	55.5
DdB|DdB_08182	XP_033108213.1	39.823	113	67	1	7	118	82	194	7.65e-14	73.9
DdB|DdB_08192	XP_065672519.1	26.749	243	141	9	21	249	152	371	1.5e-11	72.0
DdB|DdB_08194	XP_026500677.1	61.667	240	91	1	3	241	5	244	1.28e-102	313
DdB|DdB_08201	XP_055376529.1	34.317	271	178	0	1	271	4	274	3.34e-54	183
DdB|DdB_08202	XP_055871524.1	25.084	299	170	10	19	312	23	272	1.73e-15	83.2
DdB|DdB_08205	XP_033098973.1	27.948	229	122	9	234	453	19	213	3.25e-12	75.1
DdB|DdB_08211	XP_053992255.1	29.717	212	136	7	53	256	74	280	3.51e-14	80.1
DdB|DdB_08215	XP_044265399.1	30.739	257	159	3	9	247	64	319	1.14e-30	124
DdB|DdB_08216	XP_022778800.1	50.000	114	57	0	9	122	10	123	2.57e-29	112
DdB|DdB_08218	XP_061168531.1	30.255	314	208	2	116	418	23	336	4.01e-40	153
DdB|DdB_08224	XP_023212577.1	50.655	229	110	3	95	320	1	229	8.2e-71	229
DdB|DdB_08228	XP_029673967.1	27.854	219	143	4	1	206	6	222	5.31e-16	81.3
DdB|DdB_08240	XP_017474225.1	43.874	253	138	3	4	253	5	256	2.89e-65	214
DdB|DdB_08242	XP_027235141.1	36.364	88	47	1	1	79	54	141	6.21e-13	72.4
DdB|DdB_08243	XP_023226477.1	35.172	145	81	3	10	149	1	137	1.85e-18	86.7
DdB|DdB_08244	XP_023226478.1	38.655	119	72	1	6	123	47	165	3.24e-20	89.4
DdB|DdB_08252	XP_061942852.1	47.945	73	38	0	82	154	73	145	4.45e-14	72.4
DdB|DdB_08261	XP_052231792.1	32.636	239	132	12	2	215	225	459	2.56e-15	81.6
DdB|DdB_08263	XP_037959424.1	51.613	155	73	1	57	209	1	155	8.67e-50	170
DdB|DdB_08264	XP_008480315.1	43.716	183	99	2	4	183	83	264	5.59e-49	166
DdB|DdB_08266	XP_063697505.1	33.065	124	73	3	189	303	3	125	3.23e-10	64.7
DdB|DdB_08268	XP_023226552.1	35.354	99	64	0	87	185	117	215	4.92e-14	75.1
DdB|DdB_08270	XP_060083966.1	33.333	186	115	4	1	180	65	247	4.77e-19	90.9
DdB|DdB_08277	XP_057317033.1	56.354	181	77	2	8	187	54	233	3.93e-64	204
DdB|DdB_08283	XP_049848265.1	35.156	128	82	1	14	141	232	358	1.09e-12	72.0
DdB|DdB_08286	XP_063934027.1	39.524	210	123	3	3	210	598	805	5.41e-40	153
DdB|DdB_08288	XP_053698028.1	29.592	196	120	9	11	198	2	187	5.87e-17	83.2
DdB|DdB_08294	XP_061942845.1	38.679	106	50	2	1	92	674	778	8.84e-16	79.0
DdB|DdB_08300	XP_055388674.1	28.632	234	157	5	1	228	34	263	5.76e-19	91.3
DdB|DdB_08301	XP_050405236.2	39.827	231	122	7	454	669	51	279	5.19e-33	141
DdB|DdB_08319	XP_063932476.1	39.695	262	142	4	85	330	16	277	7.04e-52	190
DdB|DdB_08320	XP_063932476.1	34.615	208	117	5	3	193	337	542	5.72e-25	110
DdB|DdB_08334	XP_056004768.1	36.517	178	108	3	136	311	186	360	3.37e-20	99.4
DdB|DdB_08337	XP_022802287.1	29.843	191	120	6	7	189	39	223	7.34e-09	67.8
DdB|DdB_08340	XP_023226557.1	34.074	270	170	3	2	263	8	277	1.95e-46	164
DdB|DdB_08341	XP_023012411.1	33.588	131	68	5	5	123	25	148	3.22e-06	52.4
DdB|DdB_08351	XP_026683132.1	59.729	221	89	0	1	221	44	264	2.62e-95	286
DdB|DdB_08366	XP_063925505.1	36.166	459	173	10	820	1159	56	513	4.29e-65	238
DdB|DdB_08369	XP_013405818.1	24.034	233	160	7	98	313	85	317	1.67e-11	74.3
DdB|DdB_08373	XP_060085481.1	56.863	204	87	1	1	203	1	204	7.04e-79	242
DdB|DdB_08377	XP_020908684.1	43.939	66	37	0	45	110	234	299	2.42e-09	63.2
DdB|DdB_08378	XP_054166337.1	27.451	204	135	5	1	201	1	194	8.3e-07	58.2
DdB|DdB_08393	XP_011406490.1	29.843	191	124	4	91	272	261	450	2.2e-19	95.5
DdB|DdB_08394	XP_055344395.1	28.767	292	171	12	10	268	168	455	2.5e-22	106
DdB|DdB_08395	XP_044753523.1	44.048	84	45	2	46	129	26	107	1.79e-08	58.5
DdB|DdB_08399	XP_060085381.1	40.717	921	507	12	17	931	18	905	0.0	709
DdB|DdB_08400	XP_044733040.1	41.694	307	162	4	3	309	34	323	6.12e-67	221
DdB|DdB_08401	XP_033106850.1	35.088	228	138	6	1	222	52	275	2.57e-32	129
DdB|DdB_08402	XP_052719008.1	25.948	501	296	11	8	448	963	1448	4.24e-40	163
DdB|DdB_08404	XP_018897059.1	27.129	505	309	11	15	474	139	629	1.61e-50	189
DdB|DdB_08409	XP_066252009.1	33.962	106	67	2	18	120	43	148	7.03e-09	57.8
DdB|DdB_08414	XP_033634624.1	30.189	106	60	2	11	102	1202	1307	9.72e-07	53.5
DdB|DdB_08415	XP_055344395.1	32.576	132	66	4	27	135	197	328	6.77e-09	64.3
DdB|DdB_08418	XP_064615700.1	26.316	285	178	8	22	291	34	301	3.94e-19	94.7
DdB|DdB_08419	XP_021959759.1	31.818	264	158	8	7	264	36	283	3.65e-22	102
DdB|DdB_08425	XP_026482021.1	33.108	148	61	5	146	286	57	173	3.32e-06	56.2
DdB|DdB_08427	XP_002111205.1	37.662	231	129	3	4	222	387	614	5.05e-40	153
DdB|DdB_08430	XP_028390681.1	30.256	195	118	7	8	193	834	1019	3.36e-08	62.4
DdB|DdB_08435	XP_042939028.1	46.400	125	64	2	14	135	35	159	1.12e-26	109
DdB|DdB_08440	XP_054157583.1	41.379	348	181	5	46	370	5	352	5e-86	271
DdB|DdB_08442	XP_033225782.1	55.497	191	80	2	3	190	113	301	3.78e-67	214
DdB|DdB_08444	XP_006812919.1	33.951	162	97	4	65	216	38	199	1.06e-28	114
DdB|DdB_08446	XP_014680465.1	34.091	220	129	5	173	381	21	235	2.54e-19	95.5
DdB|DdB_08449	XP_062507069.1	27.389	157	109	2	139	291	662	817	2.98e-14	81.3
DdB|DdB_08455	XP_058798466.1	30.189	212	111	3	72	252	89	294	7.87e-25	114
DdB|DdB_08460	XP_052236042.1	36.396	283	175	2	1	283	1	278	7.41e-52	178
DdB|DdB_08461	XP_059139650.1	34.146	287	154	8	1	257	57	338	2.26e-34	142
DdB|DdB_08465	XP_027206472.1	48.333	120	61	1	4	122	1801	1920	1.3e-30	122
DdB|DdB_08493	XP_023333883.1	48.667	150	77	0	77	226	70	219	6.09e-41	151
DdB|DdB_08494	XP_039444426.1	56.180	178	78	0	1	178	223	400	2.88e-62	204
DdB|DdB_08498	XP_059160452.1	33.333	522	269	8	495	952	44	550	6.38e-79	275
DdB|DdB_08505	XP_037050588.1	30.072	276	150	15	85	318	187	461	9.97e-07	59.3
DdB|DdB_08507	XP_033231374.1	46.965	313	150	8	31	337	10	312	6.92e-79	256
DdB|DdB_08508	XP_011862180.1	34.082	267	162	7	1	255	749	1013	5.31e-27	120
DdB|DdB_08512	XP_023226502.1	42.402	533	259	9	96	588	12	536	1.28e-127	394
DdB|DdB_08513	XP_053698027.1	43.860	114	59	3	9	119	16	127	1.01e-14	74.7
DdB|DdB_08517	XP_046857260.1	57.016	449	183	5	22	468	17	457	2.64e-172	514
DdB|DdB_08533	XP_065281713.1	38.776	294	148	6	7	279	24	306	8.23e-62	204
DdB|DdB_08534	XP_030764918.1	41.667	120	62	5	25	141	90	204	6.07e-14	72.8
DdB|DdB_08537	XP_053397656.1	30.769	130	77	5	69	190	531	655	2.77e-08	61.2
DdB|DdB_08538	XP_065178170.1	26.316	152	110	2	99	249	364	514	3.21e-12	73.9
DdB|DdB_08540	XP_041476611.1	25.472	318	207	7	32	327	436	745	1.05e-22	107
DdB|DdB_08542	XP_037929381.1	30.958	449	304	5	1	447	6	450	3.71e-67	229
DdB|DdB_08549	XP_066910939.1	47.337	169	82	2	51	215	140	305	1.74e-43	159
DdB|DdB_08554	XP_042937427.1	29.208	404	255	10	167	559	175	558	1.76e-43	173
DdB|DdB_08565	XP_026686701.1	38.022	647	364	9	61	671	1396	2041	1.73e-132	447
DdB|DdB_08567	XP_026686701.1	35.185	432	199	9	128	482	1554	1981	3.52e-69	248
DdB|DdB_08568	XP_026685039.1	33.143	175	101	2	1	159	349	523	4.28e-22	99.8
DdB|DdB_08569	XP_026686701.1	45.401	1022	528	10	25	1025	1017	2029	0.0	911
DdB|DdB_08570	XP_026686701.1	48.715	817	383	8	70	858	1216	2024	0.0	817
DdB|DdB_08571	XP_026686701.1	29.156	391	241	13	10	370	2233	2617	3.28e-40	161
DdB|DdB_08572	XP_017302768.2	50.735	272	126	3	1	265	1188	1458	4.36e-81	273
DdB|DdB_08576	XP_026687315.1	45.778	450	232	3	1	446	600	1041	1.74e-130	417
DdB|DdB_08577	XP_026687315.1	38.866	494	261	11	239	710	3	477	2.18e-107	358
DdB|DdB_08578	XP_017302768.2	46.747	584	261	7	1	543	2013	2587	3.48e-168	537
DdB|DdB_08579	XP_026685039.1	48.718	234	120	0	1	234	470	703	2.92e-73	243
DdB|DdB_08580	XP_026686701.1	36.979	960	532	18	260	1161	1	945	0.0	639
DdB|DdB_08581	XP_048239891.1	35.253	434	259	8	75	488	1	432	8.01e-75	266
DdB|DdB_08582	XP_053990687.1	28.000	300	181	11	128	414	2762	3039	4.01e-19	99.8
DdB|DdB_08583	XP_017302768.2	36.913	298	171	5	12	292	2446	2743	1.16e-52	194
DdB|DdB_08584	XP_017302770.1	34.937	478	207	11	1	374	289	766	4.26e-76	278
DdB|DdB_08585	XP_017302768.2	37.824	579	307	9	1	551	1732	2285	4.59e-117	390
DdB|DdB_08586	XP_026686701.1	25.329	304	175	8	1	260	789	1084	1.75e-23	108
DdB|DdB_08587	XP_026686701.1	31.135	758	459	17	147	859	1196	1935	7.34e-101	354
DdB|DdB_08588	XP_026686701.1	26.675	791	488	25	1	714	359	1134	1.78e-69	256
DdB|DdB_08591	XP_053990687.1	24.507	355	206	12	1	296	476	827	8.76e-16	87.4
DdB|DdB_08592	XP_064382927.1	27.174	184	127	2	25	206	173	351	1.33e-15	83.2
DdB|DdB_08593	XP_063678262.1	30.049	203	134	4	46	240	73	275	1.3e-20	95.5
DdB|DdB_08594	XP_047739791.1	29.121	182	108	6	12	181	51	223	3.66e-09	61.6
DdB|DdB_08595	XP_017301663.1	60.621	419	158	2	1	412	13	431	0.0	553
DdB|DdB_08601	XP_035712442.1	29.245	212	145	2	2	208	650	861	1.05e-22	104
DdB|DdB_08614	XP_023226521.1	40.964	166	87	2	2	160	78	239	7.33e-30	118
DdB|DdB_08615	XP_022778803.1	44.382	178	99	0	44	221	3	180	4.84e-48	169
DdB|DdB_08621	XP_050406106.1	33.129	163	90	4	27	171	148	309	1.62e-10	66.2
DdB|DdB_08625	XP_060084512.1	27.273	209	141	4	33	230	43	251	4.16e-16	88.2
DdB|DdB_08627	XP_023711686.1	25.641	312	187	12	5	285	179	476	3.34e-07	60.1
DdB|DdB_08633	XP_011860577.1	28.571	336	205	9	28	345	148	466	5.68e-31	129
DdB|DdB_08634	XP_027235144.1	44.510	337	172	3	5	340	1	323	3.93e-96	296
DdB|DdB_08636	XP_011860580.1	36.735	147	91	1	1	145	267	413	2.11e-20	93.2
DdB|DdB_08638	XP_044573736.1	32.065	184	103	3	111	290	9	174	2.5e-24	105
DdB|DdB_08641	XP_045023907.1	36.184	152	93	2	141	292	37	184	2.02e-23	102
DdB|DdB_08642	XP_033125534.1	39.130	92	50	2	1	91	55	141	1.09e-11	67.8
DdB|DdB_08644	XP_023226608.1	48.684	608	300	5	143	748	2	599	0.0	563
DdB|DdB_08645	XP_002118970.1	40.469	341	192	2	2	331	8	348	1.58e-79	254
DdB|DdB_08647	XP_037930006.1	25.085	295	166	12	3	263	302	575	1.67e-09	68.2
DdB|DdB_08650	XP_020905114.2	35.583	163	101	3	147	308	195	354	1.1e-16	88.2
DdB|DdB_08651	XP_043469908.1	38.318	107	60	1	101	201	101	207	1.1e-11	72.8
DdB|DdB_08660	XP_030750994.1	28.511	235	113	11	21	206	11	239	3.96e-08	59.7
DdB|DdB_08661	XP_027199207.1	29.362	235	142	11	77	295	55	281	9.83e-13	76.6
DdB|DdB_08677	XP_022778311.1	32.381	105	54	4	1	104	26	114	9.06e-06	49.7
DdB|DdB_08679	XP_008477411.1	50.761	394	189	3	1	394	54	442	1.89e-140	414
DdB|DdB_08680	XP_011862174.1	57.500	160	65	2	3	162	27	183	2.91e-58	186
DdB|DdB_08682	XP_036149564.1	37.500	152	82	4	279	419	344	493	1.28e-11	74.7
DdB|DdB_08689	XP_054715201.1	53.659	41	19	0	47	87	29	69	1.17e-06	52.4
DdB|DdB_08694	XP_060083729.1	36.765	68	43	0	7	74	3	70	4.02e-07	53.1
DdB|DdB_08695	XP_023214277.1	48.205	390	198	4	2	389	32	419	5.64e-126	377
DdB|DdB_08706	XP_066251670.1	29.450	309	156	7	25	274	75	380	1.13e-24	111
DdB|DdB_08708	XP_060084998.1	30.657	137	94	1	70	205	393	529	6.1e-10	65.9
DdB|DdB_08709	XP_023226613.1	36.164	318	189	5	20	325	233	548	1.98e-66	224
DdB|DdB_08710	XP_023226613.1	38.750	160	98	0	2	161	13	172	7.61e-28	115
DdB|DdB_08714	XP_023226540.1	37.879	264	164	0	1	264	1	264	2.53e-56	194
DdB|DdB_08715	XP_023226539.1	23.415	205	133	3	1	182	1	204	1.62e-10	65.5
DdB|DdB_08717	XP_011860185.1	27.174	276	154	7	2	234	44	315	3.09e-17	94.0
DdB|DdB_08720	XP_065319917.1	38.000	150	76	6	2	135	50	198	1.61e-20	96.3
DdB|DdB_08724	XP_043195975.1	30.081	123	77	3	1	123	13	126	2.35e-06	58.5
DdB|DdB_08725	XP_060084815.1	41.121	214	124	2	2	214	3	215	9.71e-32	137
DdB|DdB_08726	XP_060085174.1	62.500	120	45	0	1	120	234	353	1.22e-46	168
DdB|DdB_08727	XP_060085174.1	31.646	158	96	2	4	152	1	155	1.56e-21	98.2
DdB|DdB_08728	XP_787652.2	30.769	156	96	3	184	328	384	538	2.86e-10	70.1
DdB|DdB_08729	XP_065841898.1	35.246	122	72	5	49	164	1	121	1.49e-09	62.0
DdB|DdB_08730	XP_015785755.1	33.099	142	94	1	89	230	63	203	2.71e-17	84.7
DdB|DdB_08731	XP_028405372.1	30.622	209	103	5	134	301	632	839	1.05e-19	98.2
DdB|DdB_08732	XP_034839878.1	39.394	198	113	3	1	198	935	1125	3.38e-33	134
DdB|DdB_08737	XP_037038347.1	33.333	432	238	9	1	404	9	418	6.97e-62	212
DdB|DdB_08741	XP_043212988.1	37.700	313	182	7	1	307	595	900	6.17e-50	185
DdB|DdB_08742	XP_064396071.1	41.242	451	209	13	1	404	120	561	6.28e-94	310
DdB|DdB_08750	XP_029673967.1	30.804	224	142	5	20	232	1	222	1.15e-20	94.4
DdB|DdB_08751	XP_023226480.1	45.977	87	44	1	39	122	136	222	2.12e-10	67.0
DdB|DdB_08770	XP_066251578.1	31.563	339	213	7	1	338	286	606	1.08e-42	164
DdB|DdB_08771	XP_011861385.1	33.121	157	95	4	25	180	54	201	5.94e-13	73.9
DdB|DdB_08772	XP_066251578.1	29.283	321	202	10	4	319	306	606	9.65e-24	112
DdB|DdB_08778	XP_063722100.1	28.011	357	186	13	1	293	261	610	1.24e-17	91.3
DdB|DdB_08784	XP_060085163.1	28.758	153	108	1	38	189	132	284	4.06e-12	71.2
DdB|DdB_08786	XP_014680244.1	41.250	80	47	0	307	386	3	82	4.27e-13	76.3
DdB|DdB_08799	XP_030387243.1	50.694	576	279	4	1	572	607	1181	0.0	597
DdB|DdB_08800	XP_012793920.1	58.261	115	48	0	3	117	405	519	2e-39	147
DdB|DdB_08804	XP_003117463.2	40.807	223	125	4	2	220	227	446	1.09e-45	167
DdB|DdB_08808	XP_026686429.1	47.857	560	267	5	41	575	2	561	0.0	535
DdB|DdB_08812	XP_060074769.1	28.571	476	271	22	65	506	64	504	8.63e-25	116
DdB|DdB_08813	XP_054275157.1	40.408	245	142	2	9	249	10	254	2.63e-51	176
DdB|DdB_08817	XP_060085383.1	42.609	460	198	9	397	791	7	465	1.8e-103	333
DdB|DdB_08818	XP_065184645.1	45.382	249	131	4	2	247	120	366	1.23e-66	217
DdB|DdB_08819	XP_012276023.1	37.082	329	197	3	4	323	73	400	8.75e-68	225
DdB|DdB_08825	XP_023226618.1	29.843	191	122	5	16	202	48	230	1.79e-12	71.6
DdB|DdB_08829	XP_029679759.1	51.964	331	153	3	4	330	30	358	1.71e-101	310
DdB|DdB_08836	XP_035205631.1	38.596	171	98	4	15	180	4	172	1.61e-23	105
DdB|DdB_08841	XP_030855518.1	27.700	213	137	6	1	198	127	337	4.79e-13	75.5
DdB|DdB_08842	XP_016909171.1	33.504	391	253	3	10	396	167	554	4.13e-59	210
DdB|DdB_08844	XP_063904904.1	35.550	391	204	9	126	483	217	592	1.23e-51	195
DdB|DdB_08845	XP_031832459.1	41.667	216	114	4	4	210	46	258	5.34e-40	149
DdB|DdB_08847	XP_061172608.1	24.632	272	168	9	12	253	9554	9818	3.25e-08	62.4
DdB|DdB_08854	XP_011862195.1	36.782	174	83	4	85	232	92	264	3.38e-21	96.3
DdB|DdB_08855	XP_022778812.1	40.984	122	61	5	102	219	1	115	1.09e-16	82.4
DdB|DdB_08856	XP_022778812.1	36.441	118	69	2	1	116	1	114	3.87e-15	75.5
DdB|DdB_08858	XP_022778872.1	25.758	132	98	0	105	236	148	279	2.86e-06	57.0
DdB|DdB_08867	XP_060083734.1	25.521	384	221	11	205	556	113	463	2.29e-16	90.9
DdB|DdB_08870	XP_014680465.1	51.220	82	40	0	318	399	168	249	1.34e-14	82.0
DdB|DdB_08883	XP_046375599.2	28.758	153	93	8	30	173	56	201	3.41e-07	57.4
DdB|DdB_08886	XP_037774865.1	44.231	52	29	0	2	53	64	115	1.04e-06	50.8
DdB|DdB_08896	XP_047494462.1	39.640	111	66	1	60	169	46	156	7.94e-20	89.0
DdB|DdB_08897	XP_025198469.1	27.778	198	128	5	11	197	36	229	7.03e-15	77.8
DdB|DdB_08899	XP_061942817.1	24.372	398	268	11	11	382	41	431	1.21e-14	83.6
DdB|DdB_08902	XP_046376771.2	34.650	329	170	9	31	321	37	358	2.09e-43	166
DdB|DdB_08903	XP_014233837.1	55.752	113	50	0	1	113	228	340	3.51e-37	139
DdB|DdB_08917	XP_031571966.1	29.310	174	92	10	2	157	255	415	3.06e-08	59.3
DdB|DdB_08932	XP_015788985.1	53.482	761	343	5	1	755	1	756	0.0	847
DdB|DdB_08937	XP_015782928.1	33.333	393	230	9	8	373	400	787	2.7e-62	220
DdB|DdB_08938	XP_021960905.1	32.862	283	161	5	4	259	70	350	2.31e-35	145
DdB|DdB_08942	XP_039291975.1	38.947	95	56	1	223	315	18	112	1.55e-06	54.7
DdB|DdB_08951	XP_021959759.1	28.796	191	109	4	10	173	35	225	1.7e-14	77.8
DdB|DdB_08953	XP_020908428.1	26.957	115	83	1	50	163	32	146	2.55e-10	63.9
DdB|DdB_08959	XP_044764929.1	40.171	234	102	7	158	374	183	395	2.76e-33	135
DdB|DdB_08963	XP_052230377.1	31.566	415	262	7	2	401	23	430	1.99e-53	192
DdB|DdB_08965	XP_042897079.1	25.305	328	182	5	6	272	69	394	4.13e-25	110
DdB|DdB_08976	XP_026733247.1	27.799	259	158	9	132	388	45	276	2.7e-07	61.6
DdB|DdB_08996	XP_046855137.1	28.571	196	121	4	63	253	124	305	1.69e-06	57.0
DdB|DdB_08997	XP_055336623.1	33.491	212	118	6	7	198	76	284	2.05e-24	110
DdB|DdB_09001	XP_018024553.1	37.436	195	115	4	1	194	4	192	7.45e-30	120
DdB|DdB_09005	XP_002647174.2	39.726	73	43	1	5	76	26	98	8.8e-07	51.6
DdB|DdB_09006	XP_061168771.1	47.030	202	107	0	1	202	154	355	1.53e-66	215
DdB|DdB_09007	XP_061168771.1	48.855	131	65	2	9	138	1	130	5.58e-36	134
DdB|DdB_09010	XP_037929381.1	29.003	331	218	7	7	328	131	453	5.8e-22	103
DdB|DdB_09018	NP_001310090.1	29.562	274	153	7	138	400	188	432	2.99e-19	97.1
DdB|DdB_09022	XP_046403195.1	29.940	167	110	4	9	169	31	196	2.16e-11	72.4
DdB|DdB_09026	XP_021956238.1	31.980	197	118	4	200	382	34	228	2.16e-28	118
DdB|DdB_09038	XP_060085292.1	27.465	284	179	8	94	351	177	459	4e-21	103
DdB|DdB_09045	XP_045586482.1	23.235	340	235	8	938	1267	70	393	3.36e-11	77.4
DdB|DdB_09050	XP_063699229.1	35.955	89	54	2	11	98	143	229	4.85e-06	52.0
DdB|DdB_09069	XP_013303112.2	35.329	167	69	4	1	156	49	187	1.39e-19	88.6
DdB|DdB_09070	XP_020909261.1	23.052	308	215	10	2	303	35	326	2.41e-12	74.3
DdB|DdB_09072	XP_065827712.1	27.273	638	372	18	88	680	159	749	1.2e-52	203
DdB|DdB_09090	XP_065063332.1	29.134	127	82	2	9	130	30	153	1.37e-07	55.5
DdB|DdB_09103	XP_026830858.1	50.996	251	121	1	5	255	5	253	2.79e-85	262
DdB|DdB_09104	XP_003738639.1	35.000	100	58	3	1	94	114	212	3.36e-10	62.0
DdB|DdB_09106	XP_033325249.1	33.659	205	126	6	2	201	85	284	1.5e-22	104
DdB|DdB_09115	XP_053212196.1	32.927	164	94	5	5	157	83	241	5.03e-14	78.2
DdB|DdB_09116	XP_047146570.1	30.000	160	88	6	8	161	386	527	1.07e-09	65.5
DdB|DdB_09124	XP_017797081.1	39.241	79	48	0	8	86	13	91	7.75e-06	50.1
DdB|DdB_09131	XP_020908428.1	32.215	149	96	4	41	186	33	179	4.6e-16	82.4
DdB|DdB_09153	XP_042238423.1	28.358	134	87	5	17	147	576	703	2.05e-06	55.1
DdB|DdB_09158	XP_025104800.1	28.571	364	211	14	166	502	184	525	6.11e-23	110
DdB|DdB_09165	XP_025096534.1	24.373	279	188	10	60	321	78	350	1.1e-10	70.1
DdB|DdB_09166	XP_055687110.1	31.401	207	129	4	1	202	98	296	1.96e-12	77.0
DdB|DdB_09171	XP_065841898.1	33.690	187	103	3	39	205	1	186	2.56e-27	109
DdB|DdB_09172	XP_060085174.1	54.693	309	140	0	1	309	70	378	8.56e-123	364
DdB|DdB_09175	XP_067657021.1	24.599	187	127	2	16	193	206	387	5.45e-10	65.9
DdB|DdB_09185	XP_037030569.1	49.669	151	68	4	1	145	1	149	2.77e-36	148
DdB|DdB_09202	XP_047473762.1	27.933	179	122	4	37	211	27	202	3.5e-06	57.4
DdB|DdB_09218	XP_050665323.1	27.805	205	118	4	34	230	24	206	8.33e-12	72.8
DdB|DdB_09221	XP_014680465.1	41.111	90	42	2	3	85	167	252	3.91e-09	60.5
DdB|DdB_09224	XP_033213090.1	39.084	371	194	8	248	588	24	392	1.35e-65	226
DdB|DdB_09226	XP_059091228.1	40.968	310	147	7	23	300	17	322	4.61e-56	198
DdB|DdB_09228	XP_039754953.1	31.613	310	162	12	76	349	147	442	1.5e-22	105
DdB|DdB_09232	XP_055868494.1	28.302	212	131	8	8	203	1	207	1.49e-10	66.2
DdB|DdB_09233	XP_023210731.1	32.967	182	118	3	1	180	1	180	2.05e-25	103
DdB|DdB_09240	XP_045605512.1	27.434	113	82	0	1	113	183	295	1.43e-10	70.1
DdB|DdB_09242	XP_054717982.1	26.681	461	280	14	14	431	31	476	4.36e-35	143
DdB|DdB_09252	XP_037025655.1	32.824	131	87	1	3	133	589	718	4.17e-15	78.6
DdB|DdB_09264	XP_027235127.1	52.821	195	90	2	1	194	30	223	3.16e-64	210
DdB|DdB_09278	XP_053203666.1	30.047	213	125	8	2	206	6	202	6.41e-19	87.8
DdB|DdB_09279	XP_046443337.1	27.033	418	288	8	117	523	34	445	1.05e-44	173
DdB|DdB_09282	XP_061168531.1	32.441	299	192	3	112	400	24	322	6.48e-48	173
DdB|DdB_09283	XP_004211255.3	39.560	273	161	3	4	273	6	277	5.22e-60	199
DdB|DdB_09284	XP_044573736.1	31.959	194	98	8	6	194	10	174	3.66e-14	75.5
DdB|DdB_09292	XP_059049400.1	28.161	174	107	8	6	164	46	216	7.29e-08	58.5
DdB|DdB_09298	XP_025092868.1	29.595	321	188	11	2	295	51	360	7.69e-24	109
DdB|DdB_09308	XP_037929852.1	45.455	121	62	1	367	487	23	139	8.04e-27	112
DdB|DdB_09309	XP_055344395.1	28.261	276	178	9	72	337	176	441	4.63e-23	109
DdB|DdB_09315	XP_059169432.1	33.586	527	307	15	1	503	94	601	9.65e-78	264
DdB|DdB_09316	XP_053408206.1	48.485	495	239	7	269	751	15	505	1.92e-150	456
DdB|DdB_09324	XP_044749046.1	29.775	178	83	8	2	141	382	555	1.5e-06	58.9
DdB|DdB_09325	XP_055386816.1	24.627	268	137	7	6	219	102	358	6.68e-13	75.1
DdB|DdB_09336	XP_027235138.1	38.509	161	88	4	8	163	55	209	3.99e-26	110
DdB|DdB_09363	XP_011861377.1	53.659	82	38	0	2	83	79	160	8.02e-24	95.9
DdB|DdB_09366	XP_062502323.1	39.357	498	291	6	89	581	286	777	2.31e-105	342
DdB|DdB_09383	XP_064640163.1	32.669	251	149	4	17	248	54	303	3.44e-35	135
DdB|DdB_09386	XP_040582638.1	45.349	86	47	0	4	89	97	182	8.71e-11	68.2
DdB|DdB_09387	XP_040582638.1	37.500	72	44	1	55	126	92	162	7.52e-06	53.9
DdB|DdB_09400	XP_022306807.1	31.486	451	227	9	1	375	368	812	6.54e-52	201
DdB|DdB_09401	XP_002115211.1	31.424	576	367	13	5	564	64	627	2.01e-79	270
DdB|DdB_09405	XP_037773148.1	25.753	299	199	10	160	440	2	295	1.57e-13	79.0
DdB|DdB_09413	XP_060085383.1	37.270	381	234	3	1	377	86	465	1.19e-78	256
DdB|DdB_09415	XP_011497785.1	42.547	322	147	5	3	286	29	350	4.29e-72	232
DdB|DdB_09419	XP_049848249.1	41.803	122	70	1	1	121	4	125	4.25e-24	101
DdB|DdB_09420	XP_022706180.1	29.830	352	205	12	386	705	74	415	3.69e-34	144
DdB|DdB_09423	XP_021946650.1	30.806	211	131	7	56	253	33	241	7.41e-20	92.8
DdB|DdB_09428	XP_030756916.1	27.647	170	108	3	204	358	45	214	4.57e-06	57.0
DdB|DdB_09431	XP_050310959.1	37.143	140	83	3	1	137	18	155	2.34e-23	96.3
DdB|DdB_09435	XP_060553663.1	35.914	465	208	12	257	671	30	454	3.23e-75	259
DdB|DdB_09437	XP_067005278.1	60.753	558	215	4	1	556	3	558	0.0	739
DdB|DdB_09438	XP_031776082.1	29.518	332	188	9	84	415	1	286	7.87e-28	119
DdB|DdB_09442	XP_011862180.1	27.444	266	128	6	69	271	717	980	1.21e-14	84.3
DdB|DdB_09450	XP_013396821.1	48.684	304	154	2	2	304	41	343	2.05e-102	320
DdB|DdB_09451	XP_002631710.2	27.179	195	101	6	21	208	62	222	8.61e-09	63.2
DdB|DdB_09457	XP_002118938.1	38.498	213	130	1	112	324	120	331	1.03e-43	162
DdB|DdB_09462	XP_040582638.1	36.275	102	57	2	17	110	100	201	9.56e-06	53.9
DdB|DdB_09463	XP_048586242.1	33.333	231	141	4	209	438	509	727	5.16e-25	117
DdB|DdB_09466	XP_057302072.1	28.107	338	223	5	14	333	77	412	1.87e-43	162
DdB|DdB_09469	XP_033123384.1	23.153	406	276	13	2	376	39	439	2.78e-06	57.8
DdB|DdB_09473	XP_014680465.1	37.719	114	64	1	34	147	126	232	3.98e-12	69.7
DdB|DdB_09474	XP_062602225.1	37.395	476	289	6	10	479	44	516	1.06e-94	303
DdB|DdB_09476	XP_053646510.1	25.703	249	152	7	6	235	4	238	2.87e-16	82.8
DdB|DdB_09479	XP_022317055.1	30.400	125	81	1	265	383	4	128	7.37e-10	68.9
DdB|DdB_09482	XP_065181772.1	28.221	163	103	5	284	441	212	365	6.85e-07	60.5
DdB|DdB_09484	XP_065071290.1	31.702	470	279	16	7	444	36	495	2.37e-43	170
DdB|DdB_09489	XP_066138287.1	33.333	180	109	5	35	208	25	199	3.34e-13	73.2
DdB|DdB_09491	XP_063590122.1	46.875	64	32	2	9	71	139	201	4.42e-07	56.2
DdB|DdB_09509	XP_041367388.1	25.788	349	208	12	3	311	41	378	1.56e-19	96.3
DdB|DdB_09522	XP_028403292.1	23.607	305	204	8	11	300	465	755	7.76e-06	56.2
DdB|DdB_09528	XP_049848085.1	25.513	341	215	12	407	730	61	379	7.38e-09	68.2
DdB|DdB_09530	XP_017879985.1	29.398	415	237	13	85	444	139	552	1.71e-30	131
DdB|DdB_09537	XP_014367619.2	35.366	82	52	1	12	92	49	130	9.11e-07	51.2
DdB|DdB_09540	XP_022340321.1	25.094	267	164	12	53	295	70	324	7.16e-09	64.7
DdB|DdB_09547	XP_038059895.1	27.832	309	182	12	4	277	40	342	3.72e-11	75.1
DdB|DdB_09551	XP_066251592.1	44.298	456	246	6	14	463	1	454	5.56e-140	417
DdB|DdB_09552	XP_066251633.1	28.807	486	291	12	4	439	440	920	5.81e-44	172
DdB|DdB_09553	XP_066251633.1	33.679	193	91	7	15	174	209	397	2.86e-17	86.7
DdB|DdB_09554	XP_011332505.2	37.368	190	88	8	22	183	1107	1293	4.07e-21	98.6
DdB|DdB_09556	XP_011860385.1	48.210	419	217	0	1	419	1	419	1.82e-146	429
DdB|DdB_09560	XP_055388515.1	30.769	416	235	8	16	393	32	432	6.54e-46	172
DdB|DdB_09566	XP_049848937.1	22.348	264	195	4	15	274	107	364	2.11e-18	92.0
DdB|DdB_09575	XP_028517117.1	25.641	195	132	6	28	221	2	184	3.04e-09	63.5
DdB|DdB_09576	XP_028516940.1	34.328	134	84	4	3	135	29	159	2.27e-18	88.2
DdB|DdB_09582	XP_037929381.1	30.348	201	128	5	2	196	262	456	2.04e-16	84.3
DdB|DdB_09584	XP_067128516.1	26.582	237	145	11	136	348	402	633	1.84e-06	58.5
DdB|DdB_09599	XP_014289360.1	53.261	184	85	1	1	184	166	348	4.06e-66	213
DdB|DdB_09602	XP_059093337.1	31.877	389	211	11	2	338	102	488	2.99e-53	189
DdB|DdB_09603	XP_031776076.1	37.569	181	111	2	4	184	41	219	1.21e-29	117
DdB|DdB_09604	XP_031776064.1	29.245	106	74	1	2	106	55	160	1.69e-06	52.4
DdB|DdB_09605	XP_023226611.1	33.684	95	63	0	9	103	17	111	1e-12	66.6
DdB|DdB_09607	XP_022783789.1	24.342	304	207	9	6	290	135	434	8.77e-07	58.5
DdB|DdB_09608	XP_052230668.1	27.203	261	132	10	3	214	26	277	5.05e-10	68.6
DdB|DdB_09610	NP_001310081.1	25.450	444	262	14	4	394	9	436	8.6e-23	107
DdB|DdB_09617	XP_046555642.1	25.000	156	114	2	473	625	52	207	4.59e-06	59.3
DdB|DdB_09624	XP_066252009.1	31.868	91	59	2	45	133	52	141	9.09e-07	52.8
DdB|DdB_09630	XP_049848937.1	27.239	268	184	6	14	280	119	376	1.07e-25	112
DdB|DdB_09633	XP_038076232.1	32.110	109	71	1	50	155	90	198	1.69e-09	66.2
DdB|DdB_09644	XP_067661471.1	30.496	141	92	3	49	184	100	239	5.22e-13	73.6
DdB|DdB_09647	XP_060552172.1	29.255	188	110	7	3	181	10	183	3.2e-17	82.8
DdB|DdB_09654	XP_037775013.1	44.348	115	33	2	50	164	89	172	1.07e-19	88.2
DdB|DdB_09658	XP_006818622.1	26.038	265	168	6	9	251	90	348	2.39e-06	56.2
DdB|DdB_09659	XP_022778145.1	31.452	124	83	1	7	130	6	127	2.36e-12	67.4
DdB|DdB_09664	XP_052766287.1	35.161	310	173	7	24	313	94	395	2.65e-43	166
DdB|DdB_09667	XP_029673967.1	24.645	211	154	1	2	207	12	222	3.81e-09	62.8
DdB|DdB_09676	XP_063901452.1	33.077	130	70	6	1	117	1	126	5.26e-09	57.8
DdB|DdB_09677	XP_059082040.1	32.530	166	104	5	11	171	1088	1250	2.49e-13	74.7
DdB|DdB_09679	XP_037929909.1	43.430	449	205	8	3	408	271	713	1.94e-104	341
DdB|DdB_09682	XP_014673604.1	34.000	100	63	2	1	97	3	102	8.88e-13	67.4
DdB|DdB_09683	XP_049848937.1	26.199	271	196	2	10	277	102	371	2.6e-23	105
DdB|DdB_09684	XP_025413651.1	26.879	346	232	10	10	345	52	386	2.86e-26	116
DdB|DdB_09686	XP_027235138.1	32.014	278	179	6	3	272	25	300	4.84e-37	140
DdB|DdB_09695	XP_065582540.1	44.167	120	67	0	1	120	1	120	1.4e-23	96.7
DdB|DdB_09720	XP_022778743.1	27.651	481	307	15	171	623	5	472	3.51e-35	147
DdB|DdB_09728	XP_064633098.1	35.052	194	121	3	1	194	57	245	2.67e-27	116
DdB|DdB_09730	XP_022778878.1	34.127	126	73	4	6	122	47	171	5.41e-07	53.5
DdB|DdB_09732	XP_039275849.1	39.806	103	56	2	2	99	259	360	2.73e-17	82.4
DdB|DdB_09733	XP_039275849.1	49.162	179	86	4	4	178	3	180	9e-54	181
DdB|DdB_09734	XP_003738667.3	30.374	214	129	5	61	257	142	352	1.56e-16	87.4
DdB|DdB_09740	XP_042882868.1	39.700	267	140	6	3	256	18	276	1.44e-47	166
DdB|DdB_09744	XP_046659810.1	47.297	74	38	1	32	105	77	149	8.06e-13	69.7
DdB|DdB_09751	XP_037930208.1	31.720	186	113	3	1	178	73	252	6.8e-16	82.8
DdB|DdB_09768	XP_066251546.1	33.231	325	201	7	88	402	171	489	9.07e-40	155
DdB|DdB_09774	XP_045446944.1	34.969	163	93	5	22	171	38	200	2.42e-20	95.1
DdB|DdB_09777	XP_046330927.2	27.228	202	134	6	3	197	102	297	2.72e-10	69.3
DdB|DdB_09778	XP_064608194.1	34.010	197	112	8	1	184	47	238	4.53e-25	105
DdB|DdB_09790	XP_014680465.1	37.195	164	67	5	268	401	75	232	2.24e-12	75.5
DdB|DdB_09795	XP_060085286.1	51.796	334	153	4	1	330	68	397	1.71e-104	319
DdB|DdB_09806	XP_060084815.1	38.415	164	99	2	21	184	76	237	6.52e-24	108
DdB|DdB_09808	XP_032796191.2	30.597	134	85	4	22	147	60	193	7.01e-06	52.4
DdB|DdB_09815	XP_055868044.1	35.670	485	285	12	209	681	12	481	7.87e-85	282
DdB|DdB_09822	XP_040564735.1	29.126	206	125	5	10	208	19	210	5.27e-13	73.9
DdB|DdB_09832	XP_044741682.1	47.788	226	116	2	7	230	20	245	1.58e-66	215
DdB|DdB_09834	XP_051163974.1	30.973	226	127	7	17	227	9	220	5.28e-23	107
DdB|DdB_09840	XP_037930208.1	57.547	318	133	2	1	317	72	388	4.45e-123	366
DdB|DdB_09842	XP_064600273.1	27.717	184	108	6	43	215	143	312	6.98e-06	54.3
DdB|DdB_09844	XP_013395159.1	44.118	68	38	0	9	76	76	143	2.02e-08	57.4
DdB|DdB_09852	XP_037773150.1	37.436	195	97	4	174	344	26	219	1.44e-21	103
DdB|DdB_09853	XP_037929382.1	50.431	464	218	7	1	454	1	462	4.82e-163	479
DdB|DdB_09854	XP_042882868.1	36.652	221	126	6	1	214	18	231	7.11e-36	134
DdB|DdB_09855	XP_021921741.1	28.108	185	123	5	145	320	480	663	4.05e-08	63.9
DdB|DdB_09863	XP_027235138.1	41.584	101	58	1	3	103	127	226	2.79e-23	98.2
DdB|DdB_09865	XP_060085882.1	31.206	141	92	3	3	140	1	139	6.8e-08	62.8
DdB|DdB_09882	XP_027235138.1	33.566	286	166	7	3	275	25	299	4.68e-37	140
DdB|DdB_09888	XP_064401517.1	24.138	319	187	12	96	403	93	367	3.87e-09	66.6
DdB|DdB_09892	XP_002734184.1	39.252	107	58	3	2	108	49	148	2.61e-12	70.1
DdB|DdB_09896	XP_052788576.1	34.211	342	193	8	1	324	87	414	1.24e-51	186
DdB|DdB_09897	XP_011862180.1	31.633	294	189	4	1	284	722	1013	1.28e-33	141
DdB|DdB_09901	XP_066918701.1	52.874	87	41	0	8	94	89	175	1.01e-26	109
DdB|DdB_09907	XP_023335860.1	37.838	185	107	4	125	303	139	321	3.07e-34	136
DdB|DdB_09908	XP_055346070.1	21.972	355	233	11	51	376	45	384	1.97e-10	71.2
DdB|DdB_09909	XP_002426869.1	27.737	274	150	4	34	260	17	289	1.57e-18	90.5
DdB|DdB_09911	XP_064608804.1	22.069	290	171	9	43	293	54	327	1.04e-08	63.5
DdB|DdB_09913	XP_023932668.1	33.476	233	140	7	90	310	119	348	1.9e-24	109
DdB|DdB_09920	XP_058955019.2	24.079	353	247	8	25	369	69	408	2.3e-15	85.1
DdB|DdB_09921	XP_031556499.1	32.727	110	73	1	178	287	131	239	9.56e-12	71.2
DdB|DdB_09925	XP_057303639.1	26.506	166	113	2	88	253	186	342	2.24e-07	60.1
DdB|DdB_09927	XP_032219168.2	36.735	98	58	2	61	155	213	309	6.79e-12	69.7
DdB|DdB_09934	XP_045094949.1	31.188	202	113	4	24	200	3	203	1.13e-19	94.4
DdB|DdB_09940	XP_054274595.1	25.275	182	129	2	7	184	9	187	7.08e-06	56.6
DdB|DdB_09943	XP_045503365.1	26.446	121	80	4	1	116	58	174	1.05e-06	53.9
DdB|DdB_09945	XP_060084508.1	36.937	444	226	6	5	396	14	455	7.9e-86	282
DdB|DdB_09951	XP_031776082.1	26.168	321	191	6	26	336	1	285	1.14e-18	93.2
DdB|DdB_09959	XP_040582638.1	31.126	151	102	2	29	179	74	222	1.95e-12	72.0
DdB|DdB_09960	XP_065829109.1	24.157	178	104	5	31	186	156	324	2.13e-07	59.3
DdB|DdB_09961	XP_060600114.1	20.988	243	165	5	42	261	197	435	4.44e-06	56.2
DdB|DdB_09962	XP_027235155.1	48.592	142	65	3	167	300	99	240	1.15e-30	126
DdB|DdB_09968	XP_044573736.1	27.879	165	102	1	121	268	10	174	8.89e-13	73.6
DdB|DdB_09973	XP_011861219.1	37.692	260	95	6	7	200	11	269	1.19e-48	166
DdB|DdB_09974	XP_062505721.1	33.333	246	133	8	180	401	30	268	3.36e-25	111
DdB|DdB_09981	XP_023226512.1	50.000	162	80	1	9	169	61	222	4.03e-45	167
DdB|DdB_09982	XP_020613924.1	36.957	92	54	3	30	118	10	100	7.27e-08	55.1
DdB|DdB_09983	XP_023226513.1	47.191	178	93	1	1	178	1	177	2.5e-49	164
DdB|DdB_09984	XP_064406377.1	28.571	105	72	1	42	146	46	147	4.16e-06	51.2
DdB|DdB_09985	XP_023228518.1	36.937	111	66	2	107	216	413	520	1.83e-11	70.9
DdB|DdB_09986	XP_061942865.1	52.174	115	55	0	8	122	123	237	1.41e-34	126
DdB|DdB_09987	XP_023226634.1	60.185	108	43	0	5	112	228	335	7.02e-36	132
DdB|DdB_09988	XP_023226634.1	46.237	186	95	3	86	266	21	206	5.48e-46	164
DdB|DdB_09993	XP_049837210.1	34.234	111	64	4	11	120	66	168	1.11e-06	55.8
DdB|DdB_09997	XP_018646130.1	33.766	77	50	1	7	82	27	103	9.63e-06	47.8
DdB|DdB_10000	XP_032239578.1	27.612	134	91	2	14	144	63	193	1.45e-07	57.0
DdB|DdB_10005	XP_034839879.1	44.371	151	84	0	1	151	1	151	1.16e-39	146
DdB|DdB_10011	XP_027235140.1	51.445	346	161	3	1	344	1	341	1.45e-128	383
DdB|DdB_10013	XP_057671197.1	26.006	323	165	11	31	318	88	371	8.17e-19	95.1
DdB|DdB_10018	XP_023226578.1	39.320	206	119	2	7	212	7	206	4.13e-43	158
DdB|DdB_10019	XP_034839856.1	38.813	219	133	1	1	219	79	296	5.32e-53	180
DdB|DdB_10023	XP_004211255.3	29.930	284	176	9	3	275	6	277	2.76e-23	103
DdB|DdB_10025	XP_049848842.1	34.203	345	207	8	125	452	20	361	4.97e-48	185
DdB|DdB_10026	XP_064066599.1	57.042	284	119	3	4	285	7	289	3.84e-90	278
DdB|DdB_10029	XP_060084507.1	45.652	184	98	1	2	185	647	828	3.09e-44	164
DdB|DdB_10031	XP_037044208.1	45.402	174	95	0	5	178	48	221	4.89e-51	170
DdB|DdB_10032	XP_065845098.1	28.308	325	199	13	12	326	7	307	8.09e-19	95.5
DdB|DdB_10043	XP_014680355.1	39.535	86	52	0	44	129	121	206	4.16e-14	75.1
DdB|DdB_10044	XP_066913765.1	41.566	166	94	2	3	167	9	172	2.6e-34	127
DdB|DdB_10045	XP_011861214.1	32.381	210	124	7	5	208	6	203	1.49e-24	102
DdB|DdB_10046	XP_064401827.1	50.955	314	148	4	9	317	3	315	2.69e-101	306
DdB|DdB_10050	XP_060084660.1	27.632	152	100	3	94	241	14	159	1.12e-09	63.9
DdB|DdB_10051	XP_062516720.1	33.916	286	139	7	2	255	3	270	1.37e-35	136
DdB|DdB_10052	XP_020307233.1	31.752	274	157	9	165	420	41	302	6.93e-22	104
DdB|DdB_10059	XP_037775074.1	50.610	164	81	0	1	164	34	197	3.79e-51	170
DdB|DdB_10060	XP_067132308.1	31.496	127	87	0	20	146	68	194	6.7e-08	60.8
DdB|DdB_10062	XP_022778676.1	38.596	171	105	0	3	173	47	217	9.93e-34	126
DdB|DdB_10071	XP_037929147.1	47.297	148	70	2	4	151	7	146	5.63e-34	134
DdB|DdB_10073	XP_002110220.1	33.121	157	100	1	2	153	34	190	6.27e-24	101
DdB|DdB_10074	XP_065832919.1	36.979	192	117	3	1	191	22	210	2.33e-35	132
DdB|DdB_10076	XP_050410834.1	41.121	214	99	8	1	187	6	219	2.88e-38	138
DdB|DdB_10081	XP_027235132.1	60.870	92	35	1	36	126	9	100	3.7e-28	114
DdB|DdB_10087	XP_066251558.1	46.519	316	129	6	412	690	2	314	5.69e-79	280
DdB|DdB_10090	XP_011861576.1	30.303	132	85	2	1	130	28	154	6.78e-11	66.2
DdB|DdB_10092	XP_058956664.2	30.802	237	145	8	46	268	173	404	2.56e-24	113
DdB|DdB_10250	XP_049840924.1	44.118	136	54	4	16	139	399	524	2.4e-19	91.3
DdB|DdB_10559	XP_064059989.1	36.434	258	115	9	33	257	636	877	5.84e-19	94.4
DdB|DdB_10674	XP_053391481.1	32.194	351	219	5	140	484	10	347	2.6e-52	189
DdB|DdB_10962	XP_045589220.1	40.741	243	126	2	11	235	86	328	1.4e-50	177
DdB|DdB_10963	XP_046340585.2	39.827	462	274	1	19	480	11	468	3.25e-109	340
DdB|DdB_11092	XP_001896419.1	78.016	373	81	1	5	376	586	958	0.0	601
DdB|DdB_11172	XP_046340585.2	35.455	440	245	7	39	475	19	422	2.58e-79	261
DdB|DdB_11173	XP_046340585.2	36.327	501	270	9	483	978	11	467	9.46e-84	286
DdB|DdB_11252	XP_063963308.1	30.732	205	141	1	18	221	12	216	4.38e-41	147
DdB|DdB_11337	XP_046340585.2	41.603	262	153	0	3	264	183	444	8.77e-60	203
DdB|DdB_11362	XP_042938085.1	63.333	60	22	0	47	106	281	340	3.82e-20	91.3
DdB|DdB_11407	XP_046340585.2	39.801	402	242	0	11	412	21	422	1.15e-95	301
DdB|DdB_11408	XP_045588048.1	35.931	231	148	0	9	239	37	267	4.02e-50	172
DdB|DdB_11410	XP_045588048.1	39.357	249	145	1	4	246	9	257	3.07e-59	196
DdB|DdB_11577	NP_499979.3	35.714	168	96	5	8	174	171	327	1.16e-18	90.5
DdB|DdB_11578	NP_500466.3	55.224	67	30	0	5	71	194	260	7.55e-17	79.0
DdB|DdB_11581	XP_002648965.1	33.654	208	121	7	1	205	169	362	1.51e-20	95.9
DdB|DdB_11715	XP_023214139.1	57.576	66	27	1	48	113	17	81	1.89e-17	81.6
DdB|DdB_11716	XP_021946510.1	66.159	328	67	4	96	381	1	326	6.35e-143	420
DdB|DdB_11719	XP_045590928.1	13.781	566	458	5	59	594	107	672	1.05e-128	400
DdB|DdB_11962	XP_052786108.1	61.250	80	31	0	1	80	23	102	9.19e-32	113
DdB|DdB_11980	XP_046340585.2	38.249	217	126	3	3	219	225	433	2.15e-41	153
DdB|DdB_11990	XP_026730214.1	62.963	54	20	0	25	78	380	433	1.85e-15	77.0
DdB|DdB_11998	XP_059163619.1	32.335	167	113	0	3	169	8	174	1.39e-31	121
DdB|DdB_12075	XP_063593165.1	34.602	289	150	7	3	260	22	302	6.56e-44	159
DdB|DdB_12102	XP_049832934.1	36.585	82	52	0	15	96	17	98	7.85e-09	57.4
DdB|DdB_12106	XP_046340585.2	42.365	203	117	0	9	211	231	433	6.97e-50	176
DdB|DdB_12108	XP_063593165.1	38.614	202	117	1	2	196	107	308	2.77e-45	159
DdB|DdB_12217	XP_021367590.1	29.054	148	105	0	2	149	238	385	5.98e-16	81.3
DdB|DdB_12218	XP_021367590.1	30.709	254	176	0	2	255	238	491	9.72e-57	196
DdB|DdB_12224	XP_060832142.1	65.455	55	19	0	43	97	335	389	8.52e-09	58.9
DdB|DdB_12248	XP_057310769.1	48.315	89	43	2	1	87	19	106	2.43e-17	82.4
DdB|DdB_12261	XP_058796990.1	39.106	179	103	3	37	212	67	242	1.88e-29	119
DdB|DdB_12412	XP_046340585.2	37.694	451	281	0	4	454	18	468	1.63e-99	315
DdB|DdB_12421	XP_001891577.1	60.169	118	31	2	92	209	147	248	3.46e-42	149
DdB|DdB_12425	XP_046340585.2	42.236	161	93	0	3	163	260	420	9.66e-34	130
DdB|DdB_12426	XP_045588048.1	35.632	261	162	1	8	262	13	273	2.04e-53	181
DdB|DdB_12544	XP_045609053.1	34.756	492	321	0	212	703	8	499	5.24e-98	323
DdB|DdB_12559	XP_046340585.2	36.842	190	113	2	4	186	211	400	3.72e-32	133
DdB|DdB_12560	XP_055356144.1	52.703	74	20	1	44	102	2	75	8.05e-17	81.3
DdB|DdB_12685	XP_045602445.1	28.743	167	100	3	23	185	18	169	1.37e-08	60.1
DdB|DdB_12705	XP_056006772.1	26.389	144	103	1	10	150	22	165	4.72e-14	75.9
DdB|DdB_12706	XP_059163619.1	30.526	190	129	1	3	192	8	194	8.05e-29	115
DdB|DdB_12707	XP_059163619.1	32.174	230	156	0	3	232	8	237	3.72e-40	146
DdB|DdB_12726	XP_064120701.1	40.000	130	49	5	1	101	194	323	4.65e-07	53.9
DdB|DdB_12744	XP_048258814.1	45.312	64	34	1	1	63	43	106	5.57e-09	57.4
DdB|DdB_12761	XP_020305916.1	32.692	156	95	1	22	167	143	298	1.9e-17	91.3
DdB|DdB_12900	XP_020307109.1	54.913	173	69	3	53	217	55	226	1.64e-53	192
DdB|DdB_12923	XP_048579010.1	32.353	204	127	5	18	214	79	278	5.56e-08	60.1
DdB|DdB_12958	XP_048241231.1	52.688	93	42	2	1	92	49	140	3.49e-11	65.5
DdB|DdB_12969	XP_046340585.2	42.222	450	260	0	4	453	19	468	1.2e-118	362
DdB|DdB_12981	XP_065284629.1	50.000	80	40	0	13	92	398	477	2.91e-06	55.1
DdB|DdB_13105	XP_064058620.1	49.153	118	48	1	18	135	85	190	1.74e-27	116
DdB|DdB_13127	XP_024505886.1	56.140	57	24	1	1	56	1	57	1.42e-13	75.5
DdB|DdB_13147	XP_042935852.1	32.195	205	97	8	26	228	246	410	2.83e-13	75.9
DdB|DdB_13315	XP_003112517.2	40.000	60	35	1	54	113	69	127	5.43e-07	54.3
DdB|DdB_13325	XP_042936516.1	61.111	36	14	0	64	99	86	121	3.03e-06	54.3
DdB|DdB_13341	XP_045590928.1	14.815	243	205	1	18	258	170	412	7.89e-61	210
DdB|DdB_13440	XP_045094157.1	50.000	124	54	4	3	120	4	125	3.1e-28	108
DdB|DdB_13519	XP_002636909.1	26.012	346	195	13	142	482	126	415	4.13e-13	80.1
DdB|DdB_13550	XP_046340585.2	42.529	174	100	0	6	179	271	444	1.52e-39	147
DdB|DdB_13720	XP_033726958.1	27.826	230	133	9	86	290	44	265	4.63e-13	77.8
DdB|DdB_13729	XP_048244373.1	31.667	240	164	0	2	241	89	328	1.16e-51	181
DdB|DdB_13793	XP_006824501.1	29.008	131	92	1	2	132	11	140	6.35e-30	113
DdB|DdB_13979	XP_042933584.1	38.000	100	58	1	21	120	163	258	4.2e-12	68.6
DdB|DdB_14004	XP_003138568.1	45.897	329	157	1	9	316	601	929	2.61e-78	265
DdB|DdB_14200	XP_002632330.1	50.000	54	20	1	116	162	3	56	1.6e-07	55.1
DdB|DdB_14210	XP_046340585.2	41.921	458	266	0	29	486	11	468	4.32e-120	368
DdB|DdB_14219	XP_045588048.1	39.752	161	97	0	10	170	121	281	9.28e-38	137
DdB|DdB_14244	XP_026819243.1	27.572	243	143	11	578	793	20	256	1.61e-15	87.0
DdB|DdB_14246	XP_048252898.1	24.053	528	321	19	907	1371	345	855	3.69e-23	116
DdB|DdB_14249	XP_026819243.1	29.388	245	142	10	137	353	14	255	4.54e-16	88.2
DdB|DdB_14252	XP_064081014.1	25.000	556	310	11	363	815	322	873	2.29e-32	144
DdB|DdB_14264	XP_048252898.1	23.119	545	317	19	190	671	205	710	1.29e-16	93.6
DdB|DdB_14265	XP_003144024.1	46.591	176	85	4	594	764	9	180	5.14e-42	159
DdB|DdB_14266	XP_027843100.2	26.277	274	153	11	387	639	11	256	7.42e-13	78.2
DdB|DdB_14273	XP_027843100.2	32.271	251	144	11	144	371	4	251	2.34e-21	104
DdB|DdB_14291	XP_048248078.1	21.150	539	369	3	144	682	157	639	8.68e-43	173
DdB|DdB_14308	XP_067685150.1	27.077	325	187	12	983	1268	107	420	1.47e-18	101
DdB|DdB_14331	XP_037033689.1	28.667	150	89	3	1	149	127	259	5.05e-09	60.8
DdB|DdB_14502	XP_053582244.1	31.202	391	201	9	9	338	109	492	3.4e-50	181
DdB|DdB_14553	XP_006824501.1	29.897	97	68	0	3	99	33	129	3.87e-18	81.6
DdB|DdB_14573	XP_046340585.2	38.608	158	94	1	10	167	255	409	5.02e-29	118
DdB|DdB_14574	XP_046340585.2	39.752	322	194	0	22	343	33	354	2.28e-76	249
DdB|DdB_14659	XP_045589220.1	39.450	218	111	5	3	218	91	289	5.8e-36	138
DdB|DdB_14790	XP_024503014.1	36.788	193	96	4	87	279	67	233	5.74e-26	115
DdB|DdB_14791	XP_024503014.1	38.710	124	75	1	23	145	269	392	2.07e-20	94.4
DdB|DdB_14817	XP_045622281.1	45.306	245	130	1	9	253	58	298	2.78e-68	223
DdB|DdB_14878	XP_046340585.2	39.036	415	226	4	3	411	40	433	7.57e-86	277
DdB|DdB_14889	XP_034943479.1	35.146	478	276	15	134	601	88	541	1.68e-66	241
DdB|DdB_14952	XP_045611309.1	31.937	191	109	7	64	251	88	260	1.59e-14	80.9
DdB|DdB_15049	XP_049845394.1	41.758	91	53	0	5	95	79	169	5.82e-16	79.0
DdB|DdB_15148	XP_065057699.1	64.789	142	46	3	1	139	6	146	8.28e-21	91.3
DdB|DdB_15174	XP_064037329.1	47.143	140	65	3	35	173	334	465	3.47e-25	107
DdB|DdB_15253	XP_064052887.1	50.000	52	26	0	12	63	98	149	1.36e-09	60.8
DdB|DdB_15258	XP_020305916.1	30.097	103	71	1	34	136	143	244	6.96e-06	53.9
DdB|DdB_15281	XP_045589220.1	40.569	281	158	2	1	281	147	418	9.61e-50	178
DdB|DdB_15309	XP_049786330.1	35.655	359	221	2	185	543	14	362	7.95e-67	228
DdB|DdB_15433	XP_064050562.1	34.615	182	99	6	44	214	27	199	9.54e-21	97.8
DdB|DdB_15556	XP_013299863.2	63.462	104	34	2	1	104	40	139	2.71e-32	117
DdB|DdB_15625	XP_017467946.1	74.419	43	11	0	162	204	42	84	6.61e-13	71.6
DdB|DdB_15653	XP_063412210.1	29.252	147	84	5	289	433	48	176	4.88e-06	56.2
DdB|DdB_15758	XP_046340585.2	39.301	458	278	0	48	505	11	468	4.21e-111	348
DdB|DdB_15986	NP_500884.2	70.492	122	23	1	63	171	3	124	2.31e-52	180
DdB|DdB_16078	XP_030750849.1	40.606	165	89	6	15	178	15	171	1.78e-22	99.0
DdB|DdB_16207	XP_046340585.2	40.566	318	183	1	20	331	39	356	9.68e-77	250
DdB|DdB_16226	XP_046340585.2	39.623	265	150	2	3	262	139	398	2.17e-49	176
DdB|DdB_16399	XP_064058893.1	48.649	74	37	1	25	98	81	153	4.02e-16	82.8
DdB|DdB_16410	XP_059471159.1	44.167	120	63	3	8	126	341	457	8.04e-21	104
DdB|DdB_16436	XP_055328339.1	61.792	212	81	0	1	212	310	521	1.27e-91	285
DdB|DdB_16437	XP_024506724.1	63.774	265	96	0	4	268	23	287	2.62e-124	370
DdB|DdB_16527	XP_063237857.1	39.506	81	42	2	25	98	210	290	3.78e-11	68.2
DdB|DdB_16531	XP_055353157.1	38.110	328	152	6	1	277	43	370	1.84e-63	212
DdB|DdB_16534	XP_031558595.1	47.414	116	58	2	2	115	10	124	3.34e-27	108
DdB|DdB_16535	XP_031558596.1	46.552	116	59	2	2	115	10	124	1.61e-26	107
DdB|DdB_16555	XP_020301926.1	42.667	75	43	0	101	175	248	322	8.13e-12	70.5
DdB|DdB_16562	XP_002118518.1	62.222	45	17	0	15	59	56	100	1.77e-12	66.6
DdB|DdB_16620	XP_024348875.1	29.630	432	231	13	83	511	52	413	8.17e-38	156
DdB|DdB_16648	XP_045588048.1	37.190	242	144	2	11	246	17	256	1.84e-47	165
DdB|DdB_16656	XP_047492086.1	50.000	94	45	1	18	111	3	94	6.79e-19	84.0
DdB|DdB_16694	XP_043271898.1	36.364	66	42	0	8	73	336	401	9.32e-08	55.8
DdB|DdB_16698	NP_001257143.1	51.948	77	37	0	2	78	183	259	2.32e-19	87.8
DdB|DdB_16758	XP_063544858.1	40.678	236	123	4	4	226	175	406	2.02e-45	166
DdB|DdB_16812	XP_023931981.1	64.607	178	62	1	112	289	86	262	2.25e-74	235
DdB|DdB_16951	XP_045594254.1	39.062	64	39	0	2	65	44	107	5.03e-07	52.4
DdB|DdB_16953	XP_047737118.1	69.388	49	15	0	22	70	460	508	2.44e-11	65.1
DdB|DdB_17056	XP_027041062.1	47.525	101	32	3	6	85	2	102	1.97e-18	87.0
DdB|DdB_17088	XP_021367590.1	23.502	434	328	1	228	661	67	496	2.76e-59	214
DdB|DdB_17089	XP_046340585.2	36.917	493	276	4	18	510	11	468	1.16e-97	320
DdB|DdB_17198	NP_001254395.1	31.518	257	158	7	10	254	495	745	3.62e-37	148
DdB|DdB_17205	XP_022671145.1	54.286	70	32	0	58	127	233	302	3.65e-18	88.2
DdB|DdB_17274	XP_024499255.1	73.810	126	32	1	1	125	1	126	1.47e-60	201
DdB|DdB_17285	XP_059150442.1	26.076	395	281	4	19	409	1	388	8.79e-58	201
DdB|DdB_17309	XP_064052887.1	49.091	55	28	0	12	66	98	152	2.68e-11	64.3
DdB|DdB_17326	XP_064069743.1	35.537	121	61	6	3	121	297	402	8.1e-08	58.9
DdB|DdB_17542	XP_055353157.1	37.543	293	141	9	8	263	85	372	3.53e-44	161
DdB|DdB_17623	XP_059163619.1	33.582	134	89	0	3	136	8	141	5.97e-24	100
DdB|DdB_17700	XP_023337844.1	44.248	113	57	2	18	130	199	305	2.79e-15	79.7
DdB|DdB_17701	XP_050685798.1	38.235	204	112	1	226	429	9	198	3.02e-28	118
DdB|DdB_17804	XP_045594222.1	27.760	317	180	7	25	299	82	391	1.41e-20	100
DdB|DdB_17825	XP_064092239.1	33.898	118	62	5	15	123	336	446	1.39e-06	53.5
DdB|DdB_17849	XP_046340585.2	39.083	458	269	2	4	459	19	468	3.06e-98	310
DdB|DdB_17854	XP_003372761.1	64.865	37	13	0	3	39	269	305	9.28e-08	55.5
DdB|DdB_17909	XP_052775583.1	46.341	82	44	0	53	134	150	231	2.18e-14	80.5
DdB|DdB_17927	XP_030846634.1	42.188	64	31	3	8	69	254	313	5.39e-06	50.1
DdB|DdB_17953	XP_017461755.1	83.516	91	15	0	1	91	1	91	7.12e-46	158
DdB|DdB_17961	XP_045097250.1	27.317	205	122	7	2	202	311	492	7.67e-15	80.1
DdB|DdB_17992	XP_006824501.1	28.125	96	69	0	2	97	34	129	1.31e-16	77.8
DdB|DdB_18020	XP_064120701.1	43.529	85	43	2	3	87	242	321	1.04e-07	55.5
DdB|DdB_18024	XP_053590020.1	31.875	160	92	5	306	463	263	407	9.43e-08	63.2
DdB|DdB_18029	XP_060607266.1	31.724	145	85	7	42	173	134	277	3.12e-08	63.2
DdB|DdB_18040	XP_027046182.1	29.878	164	102	5	184	334	7	170	3.52e-07	58.5
DdB|DdB_18043	XP_049831540.1	25.826	333	200	12	199	506	22	332	1.45e-08	65.5
DdB|DdB_18079	XP_063601975.1	37.557	221	106	12	84	296	146	342	7.09e-21	100
DdB|DdB_18187	XP_022691209.1	34.921	189	116	3	1	188	467	649	3.22e-25	109
DdB|DdB_18232	XP_067044873.1	50.467	107	49	2	60	164	7	111	4.82e-25	105
DdB|DdB_18365	XP_042930078.1	43.299	97	52	2	8	103	474	568	2.06e-20	92.4
DdB|DdB_18397	XP_047122047.1	60.000	110	44	0	36	145	64	173	4.88e-27	113
DdB|DdB_18404	XP_045589220.1	34.146	205	118	5	3	204	99	289	2.79e-22	100
DdB|DdB_18411	XP_015777933.1	29.885	174	95	3	8	157	138	308	9.73e-22	99.4
DdB|DdB_18413	XP_015777933.1	26.459	257	145	9	26	251	69	312	7.32e-18	90.9
DdB|DdB_18416	XP_058797002.1	43.655	197	106	3	1	195	6	199	8.41e-48	169
DdB|DdB_18429	XP_055891893.1	41.697	271	158	0	1	271	316	586	3.58e-76	256
DdB|DdB_18496	XP_003115984.2	59.184	147	20	2	9	115	65	211	7.66e-47	168
DdB|DdB_18518	XP_059171642.1	42.537	268	152	1	13	278	1884	2151	1.53e-53	195
DdB|DdB_18580	XP_003143525.1	78.889	90	8	2	29	107	65	154	2.42e-41	140
DdB|DdB_18620	XP_065224444.1	46.099	141	63	6	1	134	1	135	6.8e-22	91.7
DdB|DdB_18732	XP_024501037.1	66.292	89	16	1	42	116	131	219	5.8e-28	117
DdB|DdB_18769	XP_003150365.1	88.406	69	8	0	1	69	57	125	7.9e-38	133
DdB|DdB_18779	XP_064063090.1	28.251	223	131	8	50	268	530	727	1.3e-12	75.5
DdB|DdB_18817	NP_507186.3	37.248	298	159	11	98	390	48	322	5.58e-50	185
DdB|DdB_18851	XP_045593122.1	28.438	320	224	5	1	319	92	407	5.05e-59	202
DdB|DdB_18978	XP_002108656.1	32.738	168	105	4	30	192	1	165	9.57e-15	78.6
DdB|DdB_19003	XP_027843100.2	27.888	251	155	6	54	287	10	251	2.06e-25	113
DdB|DdB_19004	XP_053204086.1	34.118	170	90	4	32	181	11	178	8.93e-20	98.2
DdB|DdB_19006	XP_066960605.1	24.571	525	266	13	98	494	323	845	1.65e-28	128
DdB|DdB_19007	XP_063614861.1	38.554	166	92	4	89	244	34	199	1.38e-24	113
DdB|DdB_19009	XP_020610355.1	26.036	338	222	11	88	403	86	417	6.32e-24	110
DdB|DdB_19011	XP_027843100.2	28.916	249	149	9	45	274	12	251	1.73e-22	105
DdB|DdB_19102	XP_046340585.2	41.398	372	218	0	3	374	51	422	2.31e-94	297
DdB|DdB_19215	XP_026819243.1	27.715	267	164	8	37	282	9	267	7.85e-24	108
DdB|DdB_19216	XP_024503196.1	47.541	122	62	1	2	121	137	258	2.2e-33	132
DdB|DdB_19217	XP_034949459.1	50.769	65	30	1	6	70	979	1041	5.01e-14	72.4
DdB|DdB_19218	XP_029844200.1	30.451	266	110	8	4	269	628	818	2.71e-20	98.2
DdB|DdB_19219	XP_046340585.2	42.105	152	86	1	8	159	271	420	3.5e-31	124
DdB|DdB_19220	XP_006824501.1	27.536	138	95	1	14	151	1	133	1.93e-28	110
DdB|DdB_19221	XP_046340585.2	39.919	248	141	2	7	248	187	432	1.06e-52	184
DdB|DdB_19223	XP_064640905.1	40.000	240	118	4	25	259	455	673	2.4e-48	179
DdB|DdB_19244	XP_061934959.1	25.600	125	89	2	1	124	1	122	3.32e-06	57.0
DdB|DdB_19264	XP_024505412.1	62.791	43	15	1	49	90	801	843	5.88e-09	58.9
DdB|DdB_19286	NP_496345.1	45.000	60	32	1	85	144	390	448	2.2e-08	59.7
DdB|DdB_19303	XP_055879373.1	55.187	241	108	0	6	246	86	326	6.21e-66	216
DdB|DdB_19366	XP_053630348.1	33.096	281	153	10	75	338	78	340	4.09e-34	137
DdB|DdB_19485	XP_024500163.1	73.288	146	39	0	24	169	455	600	1.31e-67	223
DdB|DdB_19495	XP_035233777.1	39.669	121	71	2	35	155	81	199	4.42e-21	97.4
DdB|DdB_19497	XP_064059334.1	45.255	137	75	0	20	156	589	725	1.77e-35	137
DdB|DdB_19529	XP_046340585.2	41.786	280	163	0	6	285	188	467	4.76e-70	231
DdB|DdB_19620	XP_048256974.1	29.622	503	298	21	35	513	5	475	1.16e-53	196
DdB|DdB_19677	XP_046340585.2	41.921	458	266	0	156	613	11	468	5.82e-105	333
DdB|DdB_19687	XP_064063719.1	56.863	102	40	1	32	129	38	139	2.1e-27	112
DdB|DdB_19808	XP_049800233.1	23.684	342	261	0	16	357	11	352	2.48e-57	197
DdB|DdB_19901	XP_024503559.1	36.719	128	74	4	31	157	80	201	9.07e-19	89.4
DdB|DdB_19902	XP_053630348.1	36.842	95	46	2	3	97	237	317	1.9e-09	63.5
DdB|DdB_19914	XP_030750145.1	29.167	192	111	7	71	257	144	315	1.35e-07	59.7
DdB|DdB_19920	XP_003138573.2	72.989	174	47	0	1	174	197	370	6.53e-83	267
DdB|DdB_19940	XP_046340585.2	33.069	378	232	5	4	376	83	444	1.2e-63	218
DdB|DdB_19979	XP_066957614.1	37.500	64	40	0	1	64	31	94	1.58e-07	51.6
DdB|DdB_19983	XP_033631375.1	26.126	111	82	0	1	111	41	151	1.69e-13	70.1
DdB|DdB_19984	XP_064609216.1	17.147	659	545	1	20	678	13	670	1.11e-100	330
DdB|DdB_19985	XP_046340585.2	40.084	474	256	6	4	474	19	467	5.86e-110	343
DdB|DdB_20006	XP_055878386.1	40.517	116	62	2	35	143	86	201	8.39e-22	94.0
DdB|DdB_20031	XP_047741612.1	26.344	186	108	7	14	186	735	904	4.65e-07	57.4
DdB|DdB_20125	XP_066019359.1	42.697	89	49	2	51	137	112	200	1.25e-11	68.6
DdB|DdB_20149	XP_027843100.2	29.487	156	78	4	125	248	11	166	2.24e-08	62.4
DdB|DdB_20199	XP_002640240.1	79.710	69	14	0	1	69	369	437	2.24e-30	117
DdB|DdB_20304	XP_046628197.1	31.333	150	94	3	7	147	160	309	1.28e-14	77.4
DdB|DdB_20318	XP_046340585.2	34.599	474	287	5	10	476	11	468	4.22e-87	284
DdB|DdB_20350	XP_014673205.1	69.388	49	13	1	35	83	66	112	1.17e-12	71.2
DdB|DdB_20379	XP_065067108.1	54.545	44	19	1	32	74	340	383	4.2e-06	51.6
DdB|DdB_20448	XP_006824501.1	29.630	108	74	1	8	115	16	121	4.74e-21	90.1
DdB|DdB_20471	XP_021367590.1	25.359	418	308	1	2	419	74	487	6.9e-85	275
DdB|DdB_20472	XP_059163619.1	30.851	94	65	0	3	96	8	101	4.47e-11	64.3
DdB|DdB_20473	XP_021367590.1	23.077	494	364	4	19	512	19	496	8.74e-66	228
DdB|DdB_20474	XP_059178380.1	33.526	173	115	0	2	174	4	176	2.84e-24	103
DdB|DdB_20478	XP_024498626.1	31.711	719	453	21	21	731	19	707	7.01e-109	353
DdB|DdB_20506	XP_057305225.1	34.298	242	111	6	79	276	234	471	1.85e-31	131
DdB|DdB_20516	XP_064063778.1	35.354	99	52	3	11	102	752	845	6.09e-09	59.3
DdB|DdB_20566	XP_021346172.1	26.291	213	150	1	5	210	26	238	4.14e-39	144
DdB|DdB_20611	XP_046340585.2	39.956	453	272	0	154	606	11	463	8.58e-102	324
DdB|DdB_20718	XP_045622502.1	39.575	518	293	8	21	522	22	535	6.73e-62	221
DdB|DdB_20719	XP_045591292.1	50.345	145	71	1	2	145	455	599	8.15e-17	84.0
DdB|DdB_20745	NP_508912.1	68.000	75	24	0	10	84	212	286	3.59e-32	121
DdB|DdB_20780	XP_006824501.1	30.612	98	68	0	2	99	32	129	3.88e-19	84.3
DdB|DdB_20912	XP_046340585.2	39.749	478	268	2	161	638	11	468	2.75e-111	353
DdB|DdB_20913	XP_033747134.1	37.037	243	129	2	1	243	1	219	1.66e-40	146
DdB|DdB_20919	XP_045589220.1	41.558	231	135	0	7	237	197	427	1.4e-48	172
DdB|DdB_20973	XP_045624560.1	49.524	105	53	0	11	115	168	272	1.42e-20	93.6
DdB|DdB_21050	XP_018902252.1	42.478	113	34	1	23	104	105	217	2.37e-22	94.0
DdB|DdB_21073	XP_065057699.1	69.106	123	34	2	5	124	4	125	1.16e-21	92.4
DdB|DdB_21109	XP_026730214.1	60.870	46	18	0	18	63	384	429	1.17e-11	65.5
DdB|DdB_21142	XP_020305103.1	30.833	120	61	3	104	201	140	259	2.89e-08	61.2
DdB|DdB_21173	XP_046340585.2	41.870	246	143	0	6	251	217	462	8.11e-61	205
DdB|DdB_21174	XP_046340585.2	40.710	366	206	3	15	380	44	398	5.31e-84	270
DdB|DdB_21261	XP_020305963.1	30.864	162	102	4	5	162	1	156	1.23e-14	74.7
DdB|DdB_21324	NP_500595.2	34.653	101	59	3	6	105	345	439	5.9e-09	59.7
DdB|DdB_21356	XP_053584992.1	36.667	60	38	0	7	66	584	643	6.89e-06	50.1
DdB|DdB_21461	XP_048252657.1	24.528	106	69	2	14	115	2	100	5.13e-11	65.9
DdB|DdB_21463	XP_048252657.1	22.404	366	282	1	6	371	16	379	9.09e-77	250
DdB|DdB_21468	XP_048252657.1	20.930	172	126	2	1	162	33	204	5.45e-22	99.8
DdB|DdB_21470	XP_063692886.1	31.351	185	127	0	1	185	262	446	1.19e-32	128
DdB|DdB_21472	XP_048252657.1	19.304	316	246	2	3	309	16	331	4.73e-49	175
DdB|DdB_21481	XP_048250671.1	40.146	137	67	2	1	122	376	512	6.48e-20	91.7
DdB|DdB_21494	XP_047735505.1	37.069	116	49	5	18	118	1430	1536	3.52e-08	58.9
DdB|DdB_21530	XP_065210937.1	67.347	49	9	2	1	42	1546	1594	3.57e-10	63.9
DdB|DdB_21562	XP_046340585.2	40.171	351	204	1	253	597	109	459	3.35e-79	265
DdB|DdB_21564	XP_064042697.1	39.269	219	114	5	116	321	120	332	1.78e-42	156
DdB|DdB_21565	XP_001900211.2	26.860	242	158	4	24	265	53	275	1.81e-23	108
DdB|DdB_21584	XP_057310287.1	39.355	155	85	5	1	148	81	233	1.01e-09	65.1
DdB|DdB_21625	XP_046340585.2	40.688	349	207	0	2	350	8	356	1.37e-85	273
DdB|DdB_21674	XP_045609882.1	51.667	60	27	2	43	100	142	201	2.45e-06	52.4
DdB|DdB_21683	XP_064036472.1	35.185	108	59	3	6	103	200	306	2.59e-13	72.0
DdB|DdB_21889	XP_055877189.1	17.010	194	151	2	1	194	300	483	2.63e-39	147
DdB|DdB_21890	XP_045589764.1	29.412	170	97	5	1	153	174	337	6.86e-12	69.7
DdB|DdB_21896	XP_046579018.1	29.605	304	201	4	282	576	719	1018	1.36e-25	120
DdB|DdB_21897	XP_046579018.1	29.231	325	218	6	293	610	699	1018	2.91e-27	126
DdB|DdB_21915	XP_024510477.1	67.347	49	16	0	24	72	158	206	5.5e-14	80.9
DdB|DdB_21917	XP_059178380.1	34.975	203	132	0	2	204	4	206	1.49e-35	133
DdB|DdB_21918	XP_021367590.1	24.124	485	352	4	19	503	19	487	1.52e-63	222
DdB|DdB_21919	XP_021367590.1	26.168	214	158	0	2	215	226	439	1.71e-33	132
DdB|DdB_21985	XP_002646726.1	39.623	159	83	5	47	199	352	503	5.53e-24	107
DdB|DdB_21986	XP_046340585.2	37.531	397	226	6	20	406	19	403	2.39e-75	249
DdB|DdB_21987	XP_046340585.2	41.882	425	238	3	123	544	22	440	8.79e-97	309
DdB|DdB_22012	XP_064034368.1	31.771	192	100	7	21	181	56	247	3.26e-14	80.1
DdB|DdB_22017	XP_046628197.1	30.719	153	97	3	7	150	160	312	7.95e-14	75.1
DdB|DdB_22051	XP_045589220.1	36.697	218	113	4	11	208	86	298	1.61e-29	120
DdB|DdB_22060	XP_003115399.2	27.099	262	166	7	18	258	15	272	2.55e-19	94.4
DdB|DdB_22098	XP_024506522.1	42.500	80	43	1	68	144	9	88	5.55e-18	80.5
DdB|DdB_22130	XP_002156931.1	33.858	127	80	2	21	144	68	193	2.79e-16	82.0
DdB|DdB_22143	XP_046340585.2	37.740	416	243	5	3	410	45	452	1.63e-86	278
DdB|DdB_22227	XP_052774376.1	47.436	78	38	1	41	118	25	99	4.28e-14	74.3
DdB|DdB_22233	XP_064044461.1	31.690	142	68	3	6	147	950	1062	1.9e-15	86.7
DdB|DdB_22239	XP_063593165.1	40.000	215	125	1	35	249	92	302	1.08e-50	175
DdB|DdB_22263	XP_045589684.1	32.292	96	65	0	1	96	622	717	7.23e-07	53.5
DdB|DdB_22328	XP_015785521.1	29.670	91	60	2	13	101	4	92	3.13e-07	53.5
DdB|DdB_22370	XP_055877174.1	47.205	322	163	3	3	319	516	835	1.06e-51	192
DdB|DdB_22408	XP_046340585.2	36.000	450	288	0	30	479	19	468	1.51e-80	270
DdB|DdB_22485	XP_064033170.1	40.625	96	54	1	71	166	365	457	3.72e-16	82.8
DdB|DdB_22511	XP_060592357.1	40.426	94	50	4	119	207	157	249	5.08e-10	66.6
DdB|DdB_22520	XP_066960604.1	23.468	571	290	12	381	847	297	824	3.3e-26	124
DdB|DdB_22523	XP_048252898.1	21.856	668	415	22	630	1209	167	815	3.83e-27	129
DdB|DdB_22582	XP_003117085.1	36.431	269	149	6	58	306	34	300	4.65e-48	169
DdB|DdB_22633	XP_045615744.1	44.156	77	42	1	52	128	1224	1299	6.69e-09	61.2
DdB|DdB_22639	XP_048256974.1	35.341	498	322	0	53	550	3	500	8.32e-121	374
DdB|DdB_22640	XP_048256974.1	33.779	524	320	3	32	554	3	500	1.58e-113	356
DdB|DdB_22642	XP_046340585.2	41.485	458	268	0	345	802	11	468	7.92e-116	367
DdB|DdB_22690	XP_045596894.1	69.178	146	36	1	57	202	140	276	3.48e-31	127
DdB|DdB_22720	NP_501996.2	35.780	109	70	0	1	109	249	357	4.56e-19	88.6
DdB|DdB_22726	XP_024498837.1	32.168	286	181	8	3	281	539	818	1.1e-37	149
DdB|DdB_22771	XP_064037459.1	41.714	175	56	4	1	131	134	306	1.21e-30	122
DdB|DdB_22774	XP_046340585.2	41.916	334	194	0	3	336	21	354	5.71e-86	274
DdB|DdB_22788	XP_024080468.1	42.222	90	44	2	38	127	796	877	5.49e-08	60.8
DdB|DdB_22798	NP_496756.1	36.519	293	161	6	3	272	7	297	2.96e-51	177
DdB|DdB_22801	XP_003117085.1	31.081	296	154	7	5	252	7	300	4.5e-38	142
DdB|DdB_22827	XP_003100583.2	26.042	192	121	8	15	202	162	336	8.4e-06	53.5
DdB|DdB_22915	XP_064040686.1	23.305	472	278	22	23	467	15	429	1.8e-12	77.8
DdB|DdB_22954	NP_510205.1	46.875	160	84	1	1	160	3	161	5.68e-47	166
DdB|DdB_22964	XP_009050345.1	68.571	35	11	0	2	36	13	47	3.46e-07	50.4
DdB|DdB_22967	XP_009050345.1	68.571	35	11	0	2	36	13	47	3.46e-07	50.4
DdB|DdB_22972	XP_006824501.1	28.000	75	54	0	8	82	48	122	1.99e-12	66.2
DdB|DdB_22975	XP_046340585.2	38.806	201	112	3	6	197	249	447	1.07e-37	142
DdB|DdB_23034	XP_008559558.1	29.651	172	87	5	9	171	17	163	2.81e-10	70.5
DdB|DdB_23054	XP_053582244.1	53.623	69	31	1	2	69	360	428	1.44e-11	65.1
DdB|DdB_23083	XP_017836770.1	67.568	37	12	0	123	159	19	55	1e-07	57.0
DdB|DdB_23103	XP_020302267.1	70.130	77	23	0	3	79	170	246	1.03e-27	109
DdB|DdB_23121	XP_064104256.1	29.064	203	144	0	7	209	211	413	3.74e-22	101
DdB|DdB_23191	XP_046340585.2	34.921	252	153	2	3	246	194	442	1.01e-43	160
DdB|DdB_23211	XP_052797916.1	47.170	159	81	1	71	226	677	835	2.52e-21	102
DdB|DdB_23228	XP_003149440.1	62.222	45	17	0	47	91	68	112	3.57e-12	68.2
DdB|DdB_23232	XP_027202891.1	40.196	204	99	5	179	362	39	239	1.36e-34	142
DdB|DdB_23262	XP_065319451.1	47.170	106	53	2	125	228	7	111	5.92e-22	97.1
DdB|DdB_23318	XP_064041512.1	52.830	53	25	0	18	70	150	202	5.1e-11	63.5
DdB|DdB_23375	XP_045588048.1	38.865	229	140	0	6	234	33	261	1.26e-55	186
DdB|DdB_23376	XP_045105240.1	43.130	786	228	56	10	672	73	762	5.2e-101	333
DdB|DdB_23392	XP_053372827.1	27.027	222	151	5	49	264	176	392	1.88e-07	61.6
DdB|DdB_23404	XP_064054759.1	57.895	190	60	1	14	183	19	208	2.43e-70	232
DdB|DdB_23448	XP_060581239.1	33.696	92	52	2	37	123	14	101	7.87e-06	48.9
DdB|DdB_23501	XP_046340585.2	36.555	476	276	1	15	490	19	468	1.39e-95	306
DdB|DdB_23542	XP_051167634.1	34.127	126	48	3	312	407	668	788	1.72e-06	59.3
DdB|DdB_23550	XP_042892574.1	40.645	155	92	0	4	158	73	227	3.67e-31	124
DdB|DdB_23567	XP_024502753.1	67.890	109	31	1	1	105	130	238	2.69e-40	151
DdB|DdB_23578	XP_011680674.2	96.341	82	3	0	53	134	236	317	5.4e-19	90.1
DdB|DdB_23586	XP_033212798.1	40.777	103	57	1	9	111	11	109	3.49e-12	69.3
DdB|DdB_23614	XP_046340585.2	41.595	351	205	0	5	355	17	367	1.48e-89	284
DdB|DdB_23683	XP_045618586.1	41.463	287	163	3	32	314	217	502	1.52e-65	224
DdB|DdB_23686	XP_060083456.1	32.580	841	534	9	59	893	109	922	2.3e-111	371
DdB|DdB_23688	XP_045598292.1	25.059	423	302	2	57	464	190	612	2.61e-56	206
DdB|DdB_23705	XP_018008889.1	58.120	117	49	0	39	155	252	368	1.01e-23	104
DdB|DdB_23733	XP_063601975.1	45.455	121	57	4	101	221	133	244	1e-17	90.1
DdB|DdB_23738	XP_063545233.1	56.643	143	61	1	336	477	52	194	6.29e-48	176
DdB|DdB_23788	XP_064043530.1	54.430	79	32	2	44	120	55	131	1.83e-16	80.9
DdB|DdB_23836	XP_015592454.1	46.591	88	45	2	364	451	78	163	3.06e-11	75.1
DdB|DdB_23841	XP_015592454.1	52.113	71	33	1	739	809	78	147	1.77e-11	75.1
DdB|DdB_23859	XP_021367590.1	32.035	231	157	0	2	232	214	444	3.87e-52	182
DdB|DdB_23860	XP_021367590.1	34.646	127	83	0	1	127	285	411	1.48e-26	110
DdB|DdB_23877	XP_003113290.2	34.091	132	65	7	1	124	1	118	1.02e-06	55.5
DdB|DdB_23882	XP_046340585.2	37.555	458	286	0	21	478	11	468	3.94e-101	324
DdB|DdB_23927	XP_063439571.1	53.750	80	37	0	1	80	1097	1176	4.45e-25	104
DdB|DdB_23952	XP_037959258.1	68.293	41	13	0	53	93	39	79	6.68e-10	61.6
DdB|DdB_23958	XP_057380748.1	89.130	46	5	0	35	80	2	47	9.26e-21	85.5
DdB|DdB_23971	XP_006824501.1	27.632	152	98	1	9	148	17	168	7.96e-33	121
DdB|DdB_23977	XP_052221587.1	65.432	81	28	0	6	86	315	395	6.78e-30	119
DdB|DdB_24065	XP_059168343.1	33.824	68	45	0	43	110	20	87	1.85e-13	72.8
DdB|DdB_24069	XP_046340585.2	37.060	483	269	8	173	654	19	467	4.64e-88	290
DdB|DdB_24140	XP_013299761.2	35.870	92	55	1	110	197	323	414	1.23e-07	58.9
DdB|DdB_24143	XP_032232045.1	34.109	129	76	5	243	365	7	132	1.46e-08	63.5
DdB|DdB_24215	XP_055691726.1	36.898	187	106	5	16	193	6	189	3.56e-24	105
DdB|DdB_24218	XP_053698016.1	59.302	172	70	0	65	236	1	172	9.6e-65	206
DdB|DdB_24225	XP_063632211.1	38.235	102	58	2	376	477	122	218	5.53e-10	69.7
DdB|DdB_24248	XP_002632330.1	46.809	141	37	3	3	112	4	137	9.34e-29	108
DdB|DdB_24270	XP_002636866.1	30.061	163	104	5	28	188	29	183	2.96e-14	77.4
DdB|DdB_24282	XP_042936516.1	55.556	45	20	0	7	51	211	255	1.77e-10	62.8
DdB|DdB_24301	XP_052809386.1	21.800	500	326	18	905	1377	65	526	4.8e-06	60.1
DdB|DdB_24362	NP_499979.3	24.473	237	176	1	1	237	80	313	1.5e-20	96.7
DdB|DdB_24365	XP_045590928.1	11.686	522	394	8	27	542	209	669	1.54e-95	315
DdB|DdB_24434	XP_005091566.1	53.097	226	106	0	178	403	1402	1627	2.55e-75	265
DdB|DdB_24435	XP_022093271.1	61.905	84	32	0	50	133	359	442	1.93e-27	115
DdB|DdB_24506	XP_017021868.1	66.154	65	22	0	1	65	401	465	8.05e-22	96.7
DdB|DdB_24532	XP_065315373.1	40.244	82	46	2	50	129	71	151	6.98e-07	55.1
DdB|DdB_24541	XP_020305103.1	36.552	145	85	3	105	242	152	296	1.4e-18	90.1
DdB|DdB_24563	XP_065883118.1	29.464	112	56	2	12	100	57	168	2.34e-07	53.9
DdB|DdB_24581	XP_065897942.1	29.412	153	75	3	46	166	7	158	9.02e-11	67.0
DdB|DdB_24593	XP_003097695.1	40.000	70	38	1	15	84	265	330	4.12e-08	56.2
DdB|DdB_24598	XP_046340585.2	37.986	437	253	6	17	446	19	444	6.41e-86	278
DdB|DdB_24762	XP_065210459.1	36.986	146	65	4	1	144	8	128	3.23e-22	99.4
DdB|DdB_24767	XP_018496275.1	45.570	79	32	2	221	289	57	134	2.37e-07	56.6
DdB|DdB_24784	XP_049845394.1	35.526	152	93	3	5	152	49	199	8.26e-20	92.0
DdB|DdB_24797	XP_063673698.1	49.057	318	150	5	132	446	1	309	5.43e-92	297
DdB|DdB_24819	XP_042231202.1	36.111	108	69	0	16	123	782	889	3.64e-16	81.6
DdB|DdB_24837	XP_062575529.1	34.444	90	55	2	1	87	121	209	1.83e-09	60.5
DdB|DdB_24842	XP_041467293.1	40.217	368	195	5	21	372	168	526	3e-67	232
DdB|DdB_24844	XP_046549943.1	31.119	286	137	5	2	227	276	561	4.72e-23	106
DdB|DdB_24845	XP_064595883.1	38.012	171	94	4	4	164	100	268	1.22e-25	109
DdB|DdB_24846	XP_046569873.1	40.000	175	85	2	8	165	192	363	8.58e-24	106
DdB|DdB_24861	XP_049843119.1	36.719	128	64	3	1	111	169	296	1.52e-14	74.7
DdB|DdB_24867	XP_045599984.1	32.153	339	184	11	17	349	47	345	5.4e-23	109
DdB|DdB_24884	XP_055870328.1	17.685	622	488	10	1	619	1	601	1.16e-82	279
DdB|DdB_24904	XP_046628197.1	30.000	160	103	3	7	157	160	319	3.99e-14	75.9
DdB|DdB_24963	XP_066593343.1	34.211	76	50	0	96	171	530	605	1.11e-07	58.5
DdB|DdB_24969	XP_042150638.1	31.206	141	97	0	1	141	49	189	8.43e-06	51.2
DdB|DdB_24980	XP_055951093.1	36.905	168	49	6	107	220	7	171	1.23e-18	89.4
DdB|DdB_24981	XP_063593165.1	37.457	291	160	3	13	281	28	318	1.39e-56	191
DdB|DdB_25064	XP_018015473.1	36.066	122	72	1	8	129	63	178	4.25e-09	60.8
DdB|DdB_25075	XP_047122047.1	53.750	80	37	0	17	96	1024	1103	5.98e-16	79.3
DdB|DdB_25080	XP_009026309.1	60.104	193	73	1	59	251	77	265	9.93e-78	252
DdB|DdB_25086	XP_048256974.1	34.791	503	319	4	75	573	3	500	1.68e-110	346
DdB|DdB_25102	XP_057305225.1	34.298	242	111	6	79	276	234	471	1.77e-31	131
DdB|DdB_25134	XP_059163619.1	33.594	128	85	0	20	147	1	128	7.8e-21	92.0
DdB|DdB_25142	XP_054710135.1	44.167	120	62	4	14	130	35	152	7.16e-15	77.8
DdB|DdB_25174	XP_006824501.1	28.767	73	52	0	9	81	35	107	6.85e-11	62.4
DdB|DdB_25204	XP_014224023.1	50.000	74	29	1	50	123	59	124	3.96e-18	81.6
DdB|DdB_25239	NP_506750.1	41.304	92	52	1	62	153	164	253	1.34e-14	77.0
DdB|DdB_25249	XP_046340585.2	40.071	282	164	1	3	284	186	462	7.76e-64	215
DdB|DdB_25263	XP_046340585.2	37.273	220	134	1	9	224	181	400	1.78e-44	162
DdB|DdB_25339	XP_064070154.1	37.179	156	93	2	35	187	215	368	2.21e-24	107
DdB|DdB_25346	XP_023248427.1	38.889	72	34	2	7	76	371	434	5.21e-07	53.9
DdB|DdB_25430	XP_045589232.1	37.600	125	42	3	36	124	66	190	1e-10	66.2
DdB|DdB_25440	XP_013173583.1	44.118	68	27	1	56	112	66	133	1.05e-07	56.6
DdB|DdB_25513	XP_042934870.1	45.545	101	47	2	7	99	321	421	3.66e-18	85.5
DdB|DdB_25521	XP_048002643.1	50.000	112	56	0	14	125	3	114	4.3e-34	127
DdB|DdB_25532	XP_048002643.1	55.245	143	63	1	242	384	7	148	1.4e-49	173
DdB|DdB_25533	XP_048002643.1	57.471	174	74	0	308	481	10	183	2.57e-68	224
DdB|DdB_25550	XP_064382097.1	47.541	61	30	2	18	76	32	92	2.16e-06	49.7
DdB|DdB_25551	XP_059163619.1	30.822	146	101	0	3	148	44	189	1.21e-19	89.4
DdB|DdB_25552	XP_021367590.1	25.455	220	164	0	2	221	238	457	4.68e-40	150
DdB|DdB_25553	XP_021367590.1	25.155	485	347	4	19	503	19	487	9.54e-83	272
DdB|DdB_25554	XP_059163619.1	31.429	105	72	0	4	108	9	113	3.29e-13	70.9
DdB|DdB_25555	XP_021367590.1	24.820	278	198	2	2	279	214	480	1.35e-46	170
DdB|DdB_25596	XP_014207872.1	26.722	363	228	13	20	354	320	672	4.37e-21	103
DdB|DdB_25597	XP_033356593.1	41.053	95	46	3	1	86	532	625	7.16e-13	70.9
DdB|DdB_25631	XP_046340585.2	42.089	316	183	0	9	324	132	447	3.65e-80	258
DdB|DdB_25654	XP_008480202.1	44.444	72	38	2	82	153	4	73	7.78e-10	61.6
DdB|DdB_25685	XP_064595934.1	36.066	183	96	5	5	182	133	299	5.09e-21	97.4
DdB|DdB_25705	XP_042886989.1	36.934	287	152	5	97	383	26	283	8.18e-41	157
DdB|DdB_25712	XP_003102311.1	66.667	84	21	2	62	138	44	127	4.92e-31	114
DdB|DdB_25757	NP_500928.2	41.935	62	36	0	15	76	229	290	2.68e-09	60.8
DdB|DdB_25764	XP_021367590.1	25.770	357	265	0	2	358	118	474	2.13e-73	243
DdB|DdB_25824	XP_022089497.1	41.429	70	36	1	17	81	273	342	1.45e-08	62.8
DdB|DdB_25858	XP_020305916.1	29.268	164	74	2	65	187	136	298	9.47e-15	82.4
DdB|DdB_25866	XP_006824501.1	26.852	108	77	1	2	109	32	137	7.05e-17	79.0
DdB|DdB_25898	XP_064034368.1	41.639	305	158	5	106	393	28	329	1.23e-69	244
DdB|DdB_25907	XP_001894184.1	66.129	124	26	1	3	110	4	127	4.44e-51	166
DdB|DdB_25909	XP_013291061.1	37.984	258	124	7	5	228	45	300	4.49e-39	149
DdB|DdB_25929	XP_063712120.1	61.111	54	21	0	33	86	82	135	5.57e-16	74.7
DdB|DdB_25965	XP_003141465.1	59.868	152	59	2	27	177	291	441	8.65e-50	176
DdB|DdB_25996	XP_001901415.2	79.125	297	49	1	192	475	119	415	5.05e-168	499
DdB|DdB_26031	XP_033214115.1	34.328	134	70	4	30	151	155	282	5.24e-06	54.3
DdB|DdB_26069	XP_046340585.2	38.669	481	272	3	268	748	11	468	1.77e-100	327
DdB|DdB_26091	XP_045623505.1	30.049	203	91	15	47	245	50	205	1.25e-07	60.1
DdB|DdB_26122	XP_005091566.1	53.540	226	105	0	154	379	1402	1627	1.81e-76	267
DdB|DdB_26124	XP_006824501.1	28.902	173	120	2	10	180	7	178	3.39e-40	141
DdB|DdB_26155	XP_044012567.1	43.125	160	87	3	1	156	1016	1175	6.86e-31	136
DdB|DdB_26164	XP_031637063.1	43.662	71	31	2	1	71	261	322	5.4e-06	50.8
DdB|DdB_26202	XP_047739898.1	42.105	95	49	2	3	91	251	345	4.84e-17	82.0
DdB|DdB_26229	XP_046340585.2	40.719	334	198	0	13	346	111	444	3.36e-82	265
DdB|DdB_26258	XP_031616976.1	46.061	330	160	5	35	351	48	372	1.14e-97	306
DdB|DdB_26275	XP_047103319.1	44.348	230	127	1	39	268	596	824	8.34e-23	105
DdB|DdB_26323	XP_063593165.1	26.207	290	166	11	8	275	49	312	2.16e-22	101
DdB|DdB_26337	XP_046340585.2	40.385	468	269	3	17	484	11	468	2.17e-109	344
DdB|DdB_26363	XP_049816242.1	26.855	283	168	9	260	522	169	432	7.31e-15	85.9
DdB|DdB_26397	XP_064595934.1	40.084	237	126	3	20	241	29	264	1.83e-40	152
DdB|DdB_26398	XP_048250671.1	35.897	195	103	4	12	184	150	344	2.59e-21	99.0
DdB|DdB_26450	XP_033329293.1	21.557	167	129	1	7	173	271	435	1.16e-06	57.4
DdB|DdB_26501	XP_063593165.1	37.634	279	154	5	8	271	27	300	1.55e-52	181
DdB|DdB_26561	XP_064619750.1	24.627	268	169	10	47	302	25	271	1.77e-10	68.6
DdB|DdB_26564	XP_060081221.1	30.102	196	127	4	7	201	14	200	1.63e-20	94.0
DdB|DdB_26589	XP_063981041.1	39.759	166	82	4	27	175	3	167	1.24e-28	114
DdB|DdB_26603	XP_012341447.1	29.600	125	84	3	1	124	1	122	8.29e-07	58.9
DdB|DdB_26627	XP_063673698.1	41.870	246	125	8	187	423	14	250	8.83e-48	180
DdB|DdB_26642	XP_059168343.1	34.483	116	70	2	8	122	3	113	1.5e-27	113
DdB|DdB_26662	XP_002633756.1	62.238	143	54	0	65	207	309	451	3.12e-55	191
DdB|DdB_26663	XP_002633756.1	62.411	141	53	0	57	197	312	452	1.36e-53	187
DdB|DdB_26665	XP_065897942.1	46.154	130	61	5	3	125	9	136	3.05e-25	105
DdB|DdB_26667	XP_046340585.2	37.118	458	288	0	59	516	11	468	1.91e-97	311
DdB|DdB_26688	XP_027048015.1	47.368	76	36	1	123	198	604	675	2.01e-14	79.7
DdB|DdB_26693	XP_021368096.1	36.522	115	73	0	17	131	99	213	5.6e-14	76.3
DdB|DdB_26702	XP_066982634.1	36.735	98	49	4	77	165	133	226	2.42e-07	56.2
DdB|DdB_26763	XP_064061553.1	37.762	143	67	6	16	149	576	705	5.16e-16	82.0
DdB|DdB_26805	XP_046340585.2	36.842	456	287	1	62	516	13	468	1.98e-94	305
DdB|DdB_26810	XP_001899605.1	53.846	52	23	1	4	55	191	241	2.81e-10	61.6
DdB|DdB_26811	XP_023936095.2	55.319	47	21	0	25	71	157	203	1.4e-09	59.7
DdB|DdB_26839	XP_049866130.1	64.151	53	19	0	22	74	138	190	1.56e-08	58.9
DdB|DdB_26848	XP_006824501.1	28.000	100	72	0	2	101	23	122	6e-21	89.4
DdB|DdB_26894	XP_045590036.1	46.377	69	36	1	3	70	434	502	1.47e-10	64.3
DdB|DdB_26911	XP_014224023.1	47.059	85	36	2	39	123	51	126	4.03e-18	82.4
DdB|DdB_26915	XP_003149026.1	33.913	115	60	1	31	129	22	136	2.38e-15	74.7
DdB|DdB_26924	XP_055371489.1	36.441	236	51	7	5	141	175	410	6.97e-29	118
DdB|DdB_26925	XP_013063513.2	49.206	189	74	3	2	171	461	646	2.31e-52	193
DdB|DdB_26935	XP_001623291.2	50.549	91	45	0	34	124	1037	1127	1.43e-08	59.3
DdB|DdB_26943	XP_064062090.1	53.960	202	34	5	1	143	342	543	2.35e-55	191
DdB|DdB_26949	XP_008548665.1	33.607	122	77	1	5	126	47	164	8.66e-17	85.9
DdB|DdB_26950	NP_496690.1	44.000	125	63	3	140	259	64	186	1.03e-23	104
DdB|DdB_26965	XP_018008889.1	64.052	153	55	0	30	182	252	404	5.83e-44	163
DdB|DdB_26966	XP_046340585.2	42.800	250	143	0	2	251	195	444	1.27e-63	213
DdB|DdB_26967	XP_048244094.1	43.636	55	31	0	13	67	176	230	8.25e-09	57.4
DdB|DdB_26977	XP_033746904.1	31.915	329	177	15	60	367	43	345	6.09e-15	84.3
DdB|DdB_26985	XP_037571046.1	37.209	86	52	2	7	91	161	245	6.41e-12	67.8
DdB|DdB_27005	XP_064039651.1	51.923	52	25	0	102	153	1012	1063	3.52e-11	68.9
DdB|DdB_27019	XP_018652680.1	75.000	32	8	0	191	222	33	64	5.17e-06	50.4
DdB|DdB_27045	XP_065923705.1	38.462	234	137	1	8	234	123	356	2.23e-56	194
DdB|DdB_27085	XP_048250671.1	39.286	280	149	5	21	283	84	359	3.08e-47	177
DdB|DdB_27088	XP_063545233.1	51.934	181	71	1	105	269	97	277	6.01e-52	180
DdB|DdB_27098	XP_013305231.2	61.905	63	23	1	7	69	30	91	8.74e-16	78.6
DdB|DdB_27105	XP_023325165.1	32.237	152	94	4	57	203	503	650	4.38e-17	87.0
DdB|DdB_27125	XP_045182235.2	40.796	201	110	5	12	205	16	214	5.88e-41	147
DdB|DdB_27132	XP_020305103.1	33.103	145	90	4	12	150	153	296	2.3e-11	70.5
DdB|DdB_27137	XP_064053723.1	67.593	108	33	1	1	106	1	108	1.55e-43	151
DdB|DdB_27159	NP_497261.2	31.707	123	62	2	41	141	204	326	3.32e-10	69.7
DdB|DdB_27186	XP_024505541.1	55.385	65	29	0	23	87	1	65	6.47e-16	76.3
DdB|DdB_27195	XP_058970364.2	29.219	397	237	15	1	371	31	409	4.4e-30	129
DdB|DdB_27204	XP_043467020.1	26.459	257	132	5	57	256	952	1208	3.53e-15	83.2
DdB|DdB_27220	XP_053588562.1	72.868	129	35	0	9	137	720	848	2.06e-61	211
DdB|DdB_27231	XP_046552945.1	45.604	182	97	2	17	197	323	503	5.5e-36	139
DdB|DdB_27232	XP_024504947.1	51.715	379	129	6	1	328	1753	2128	3.84e-117	386
DdB|DdB_27288	XP_049832934.1	34.409	93	61	0	2	94	12	104	2.19e-10	61.6
DdB|DdB_27294	XP_048242139.1	38.182	110	68	0	1	110	126	235	4.13e-22	94.0
DdB|DdB_27308	XP_049461421.1	24.528	371	187	15	16	307	77	433	4.11e-10	70.1
DdB|DdB_27319	XP_027223610.1	51.832	191	85	6	1	186	49	237	1.58e-32	124
DdB|DdB_27323	XP_046340585.2	38.839	448	252	5	9	456	19	444	1.59e-98	310
